$MeshFormat
2.2 0 8
$EndMeshFormat
$PhysicalNames
4
1 8 "right"
1 9 "upper"
1 10 "lower"
1 11 "left"
$EndPhysicalNames
$ParametricNodes
704
1 1 -1 0 0 1
2 1 1 0 0 2
3 -1 1 0 0 3
4 -1 -1 0 0 4
5 -0.7 -1 0 0 5
6 -1 -0.7 0 0 6
7 -0.7878679656440357 -0.7878679656440357 0 0 7
8 -0.7002855335248972 -0.9869141838028911 0 1 1 0.05555555550248761
9 -0.7011415905692032 -0.9738532772131135 0 1 1 0.1111111109517273
10 -0.7025665415977635 -0.9608421422587357 0 1 1 0.1666666669887884
11 -0.7045576741181978 -0.9479055465759454 0 1 1 0.2222222227565076
12 -0.7071111979067676 -0.935068115625747 0 1 1 0.27777777861601
13 -0.7102222521621109 -0.9223542862870022 0 1 1 0.333333334134075
14 -0.7138849148297752 -0.9097882599766802 0 1 1 0.3888888896544739
15 -0.7180922138536301 -0.8973939567566676 0 1 1 0.444444445553843
16 -0.7228361403461779 -0.8851949700501043 0 1 1 0.5000000011042096
17 -0.7281076640088661 -0.8732145212207472 0 1 1 0.5555555567592572
18 -0.7338967501234033 -0.8614754158818242 0 1 1 0.6111111118176553
19 -0.7401923789354758 -0.8499999998773577 0 1 1 0.6666666672676996
20 -0.7469825663300859 -0.8388101173798721 0 1 1 0.7222222228063662
21 -0.7542543867948894 -0.8279270689781677 0 1 1 0.7777777783814745
22 -0.7619939979232735 -0.8173715712835121 0 1 1 0.8333333334075416
23 -0.7701866670604709 -0.8071637170986093 0 1 1 0.8888888888635633
24 -0.7788167989838808 -0.797322937685926 0 1 1 0.9444444446135464
25 -0.79732293772406 -0.7788167989489374 0 1 2 0.05555555560597188
26 -0.8071637171547446 -0.7701866670133678 0 1 2 0.1111111114474441
27 -0.8173715713477943 -0.7619939978739481 0 1 2 0.166666666936343
28 -0.8279270691398823 -0.7542543866816558 0 1 2 0.2222222224563892
29 -0.8388101175932965 -0.7469825661941195 0 1 2 0.2777777782676325
30 -0.8500000001834879 -0.7401923787587316 0 1 2 0.3333333342325527
31 -0.8614754162049856 -0.7338967499551761 0 1 2 0.3888888897285938
32 -0.8732145217435509 -0.7281076637650787 0 1 2 0.4444444456889703
33 -0.8851949706478019 -0.7228361400986034 0 1 2 0.5000000016415029
34 -0.8973939573687127 -0.7180922136308638 0 1 2 0.5555555572104659
35 -0.9097882605552996 -0.7138849146473372 0 1 2 0.611111112920438
36 -0.9223542868751482 -0.7102222520045177 0 1 2 0.6666666684501491
37 -0.9350681162275336 -0.7071111977733547 0 1 2 0.7222222240000633
38 -0.9479055470640119 -0.7045576740321384 0 1 2 0.7777777793468659
39 -0.960842142535501 -0.7025665415613267 0 1 2 0.8333333341959763
40 -0.9738532772647576 -0.7011415905646849 0 1 2 0.8888888892682941
41 -0.9869141838054185 -0.7002855335247868 0 1 2 0.9444444445082489
42 -1 -0.6055555555557843 0 1 3 0.05555555555542098
43 -1 -0.5111111111113955 0 1 3 0.1111111111109438
44 -1 -0.4166666666671734 0 1 3 0.1666666666663686
45 -1 -0.3222222222229849 0 1 3 0.2222222222217736
46 -1 -0.2277777777787677 0 1 3 0.2777777777771954
47 -1 -0.1333333333345988 0 1 3 0.3333333333325889
48 -1 -0.03888888889032771 0 1 3 0.3888888888880425
49 -1 0.05555555555374514 0 1 3 0.4444444444433795
50 -1 0.1499999999978928 0 1 3 0.4999999999987605
51 -1 0.2444444444425737 0 1 3 0.5555555555544551
52 -1 0.338888888887354 0 1 3 0.6111111111102082
53 -1 0.4333333333320317 0 1 3 0.666666666665901
54 -1 0.5277777777767509 0 1 3 0.7222222222216182
55 -1 0.6222222222214702 0 1 3 0.7777777777773354
56 -1 0.7166666666660908 0 1 3 0.8333333333329946
57 -1 0.811111111110735 0 1 3 0.8888888888886677
58 -1 0.9055555555553676 0 1 3 0.9444444444443338
59 -0.8888888888891304 1 0 1 4 0.0555555555554348
60 -0.7777777777783939 1 0 1 4 0.111111111110803
61 -0.6666666666675743 1 0 1 4 0.1666666666662128
62 -0.5555555555567881 1 0 1 4 0.2222222222216059
63 -0.444444444445985 1 0 1 4 0.2777777777770075
64 -0.3333333333351818 1 0 1 4 0.3333333333324091
65 -0.2222222222243786 1 0 1 4 0.3888888888878107
66 -0.1111111111135753 1 0 1 4 0.4444444444432123
67 -2.772337914791478e-12 1 0 1 4 0.4999999999986138
68 0.1111111111086474 1 0 1 4 0.5555555555543237
69 0.2222222222200663 1 0 1 4 0.6111111111100331
70 0.3333333333314854 1 0 1 4 0.6666666666657427
71 0.4444444444429045 1 0 1 4 0.7222222222214523
72 0.5555555555543235 1 0 1 4 0.7777777777771617
73 0.6666666666657426 1 0 1 4 0.8333333333328713
74 0.7777777777771617 1 0 1 4 0.8888888888885809
75 0.8888888888885809 1 0 1 4 0.9444444444442904
76 1 0.8888888888891304 0 1 5 0.0555555555554348
77 1 0.7777777777783939 0 1 5 0.111111111110803
78 1 0.6666666666675743 0 1 5 0.1666666666662128
79 1 0.5555555555567881 0 1 5 0.2222222222216059
80 1 0.444444444445985 0 1 5 0.2777777777770075
81 1 0.3333333333351818 0 1 5 0.3333333333324091
82 1 0.2222222222243786 0 1 5 0.3888888888878107
83 1 0.1111111111135753 0 1 5 0.4444444444432123
84 1 2.772337914791478e-12 0 1 5 0.4999999999986138
85 1 -0.1111111111086474 0 1 5 0.5555555555543237
86 1 -0.2222222222200663 0 1 5 0.6111111111100331
87 1 -0.3333333333314854 0 1 5 0.6666666666657427
88 1 -0.4444444444429045 0 1 5 0.7222222222214523
89 1 -0.5555555555543235 0 1 5 0.7777777777771617
90 1 -0.6666666666657426 0 1 5 0.8333333333328713
91 1 -0.7777777777771617 0 1 5 0.8888888888885809
92 1 -0.8888888888885809 0 1 5 0.9444444444442904
93 0.9055555555557844 -1 0 1 6 0.05555555555542098
94 0.8111111111113956 -1 0 1 6 0.1111111111109438
95 0.7166666666672166 -1 0 1 6 0.1666666666663432
96 0.6222222222229525 -1 0 1 6 0.2222222222217926
97 0.5277777777787098 -1 0 1 6 0.2777777777772295
98 0.4333333333345989 -1 0 1 6 0.3333333333325889
99 0.3388888888903278 -1 0 1 6 0.3888888888880425
100 0.2444444444462549 -1 0 1 6 0.4444444444433795
101 0.1500000000021072 -1 0 1 6 0.4999999999987605
102 0.05555555555742631 -1 0 1 6 0.5555555555544551
103 -0.03888888888735398 -1 0 1 6 0.6111111111102082
104 -0.1333333333320317 -1 0 1 6 0.666666666665901
105 -0.2277777777767509 -1 0 1 6 0.7222222222216182
106 -0.3222222222214701 -1 0 1 6 0.7777777777773354
107 -0.4166666666660908 -1 0 1 6 0.8333333333329946
108 -0.5111111111107349 -1 0 1 6 0.8888888888886677
109 -0.6055555555553676 -1 0 1 6 0.9444444444443338
110 0.9006740019089101 0.9006740019089101 0 1 7 0.05555555555541829
111 0.8013480038177296 0.8013480038177296 0 1 7 0.1111111111108873
112 0.7020220057266806 0.7020220057266806 0 1 7 0.1666666666662827
113 0.602696007635565 0.602696007635565 0 1 7 0.2222222222217154
114 0.503370009544448 0.503370009544448 0 1 7 0.2777777777771487
115 0.4040440114534271 0.4040440114534271 0 1 7 0.3333333333325285
116 0.3047180133623912 0.3047180133623912 0 1 7 0.3888888888879165
117 0.2053920152712868 0.2053920152712868 0 1 7 0.4444444444433429
118 0.1060660171802473 0.1060660171802473 0 1 7 0.499999999998733
119 0.006740019088681715 0.006740019088681715 0 1 7 0.5555555555544174
120 -0.09258597900273524 -0.09258597900273524 0 1 7 0.6111111111100186
121 -0.1919119770944182 -0.1919119770944182 0 1 7 0.6666666666657686
122 -0.2912379751860541 -0.2912379751860541 0 1 7 0.7222222222214922
123 -0.3905639732777106 -0.3905639732777106 0 1 7 0.7777777777772276
124 -0.4898899713693137 -0.4898899713693137 0 1 7 0.8333333333329328
125 -0.5892159694609167 -0.5892159694609167 0 1 7 0.888888888888638
126 -0.6885419675523878 -0.6885419675523878 0 1 7 0.9444444444442696
127 -0.7995639443879454 0.8109842677147449 0 2 1 -0.8109842677147449 -0.7995639443879454
128 -0.8213501109974856 0.6219685354295013 0 2 1 -0.6219685354295013 -0.8213501109974856
129 -0.8431362776070225 0.4329528031441063 0 2 1 -0.4329528031441063 -0.8431362776070225
130 -0.8649224442165595 0.2439370708586941 0 2 1 -0.2439370708586941 -0.8649224442165595
131 -0.8867086108261483 0.05492133857378972 0 2 1 -0.05492133857378972 -0.8867086108261483
132 -0.908494777435792 -0.1340943937107386 0 2 1 0.1340943937107386 -0.908494777435792
133 -0.9302809440454565 -0.3231101259953249 0 2 1 0.3231101259953249 -0.9302809440454565
134 -0.952067110655112 -0.5121258582799237 0 2 1 0.5121258582799237 -0.952067110655112
135 -0.599149999057502 0.8106047028851137 0 2 1 -0.8106047028851137 -0.599149999057502
136 -0.6427444425581927 0.6212094057702505 0 2 1 -0.6212094057702505 -0.6427444425581927
137 -0.6863388860588772 0.4318141086552587 0 2 1 -0.4318141086552587 -0.6863388860588772
138 -0.7299333295595622 0.2424188115402512 0 2 1 -0.2424188115402512 -0.7299333295595622
139 -0.7735277730603504 0.05302351442563008 0 2 1 -0.05302351442563008 -0.7735277730603504
140 -0.8171222165612484 -0.1363717826887233 0 2 1 0.1363717826887233 -0.8171222165612484
141 -0.8607166600621889 -0.3257670798031512 0 2 1 0.3257670798031512 -0.8607166600621889
142 -0.9043111035631101 -0.5151623769175792 0 2 1 0.5151623769175792 -0.9043111035631101
143 -0.3987801059506005 0.8099753053327133 0 2 1 -0.8099753053327133 -0.3987801059506005
144 -0.4642268785659843 0.6199506106654613 0 2 1 -0.6199506106654613 -0.4642268785659843
145 -0.529673651181359 0.4299259159981026 0 2 1 -0.4299259159981026 -0.529673651181359
146 -0.5951204237967342 0.2399012213307306 0 2 1 -0.2399012213307306 -0.5951204237967342
147 -0.6605671964122645 0.04987652666362336 0 2 1 -0.04987652666362336 -0.6605671964122645
148 -0.7260139690279593 -0.1401481680033249 0 2 1 0.1401481680033249 -0.7260139690279593
149 -0.7914607416437176 -0.3301728626703638 0 2 1 0.3301728626703638 -0.7914607416437176
150 -0.8569075142594474 -0.5201975573373907 0 2 1 0.5201975573373907 -0.8569075142594474
151 -0.1984758718084129 0.8091008651520943 0 2 1 -0.8091008651520943 -0.1984758718084129
152 -0.285840632503204 0.6182017303042349 0 2 1 -0.6182017303042349 -0.285840632503204
153 -0.373205393197983 0.4273025954562915 0 2 1 -0.4273025954562915 -0.373205393197983
154 -0.460570153892763 0.2364034606083364 0 2 1 -0.2364034606083364 -0.460570153892763
155 -0.5479349145877492 0.04550432576052446 0 2 1 -0.04550432576052446 -0.5479349145877492
156 -0.6352996752829553 -0.145394809087237 0 2 1 0.145394809087237 -0.6352996752829553
157 -0.722664435978246 -0.3362939439351059 0 2 1 0.3362939439351059 -0.722664435978246
158 -0.8100291966734989 -0.5271930787829507 0 2 1 0.5271930787829507 -0.8100291966734989
159 0.001741596347513912 0.80798803735949 0 2 1 -0.80798803735949 0.001741596347513912
160 -0.107627918413561 0.6159760747190379 0 2 1 -0.6159760747190379 -0.107627918413561
161 -0.2169974331746209 0.4239641120785245 0 2 1 -0.4239641120785245 -0.2169974331746209
162 -0.3263669479356819 0.231952149438001 0 2 1 -0.231952149438001 -0.3263669479356819
163 -0.4357364626970012 0.03994018679749911 0 2 1 -0.03994018679749911 -0.4357364626970012
164 -0.5451059774585949 -0.1520717758430612 0 2 1 0.1520717758430612 -0.5451059774585949
165 -0.6544754922202949 -0.3440837384837456 0 2 1 0.3440837384837456 -0.6544754922202949
166 -0.7638450069819472 -0.5360957011243934 0 2 1 0.5360957011243934 -0.7638450069819472
167 0.2018518518300882 0.8066452912491705 0 2 1 -0.8066452912491705 0.2018518518300882
168 0.07037037032876106 0.6132905824984106 0 2 1 -0.6132905824984106 0.07037037032876106
169 -0.06111111117254786 0.4199358737476116 0 2 1 -0.4199358737476116 -0.06111111117254786
170 -0.1925925926738584 0.2265811649968047 0 2 1 -0.2265811649968047 -0.1925925926738584
171 -0.3240740741754786 0.03322645624589765 0 2 1 -0.03322645624589765 -0.3240740741754786
172 -0.4555555556774284 -0.1601282525051768 0 2 1 0.1601282525051768 -0.4555555556774284
173 -0.5870370371795061 -0.3534829612563923 0 2 1 0.3534829612563923 -0.5870370371795061
174 -0.7185185186815259 -0.5468376700075588 0 2 1 0.5468376700075588 -0.7185185186815259
175 0.401835263921945 0.8050828459244878 0 2 1 -0.8050828459244878 0.401835263921945
176 0.2481149722896484 0.6101656918490568 0 2 1 -0.6101656918490568 0.2481149722896484
177 0.09439468065737276 0.4152485377736088 0 2 1 -0.4152485377736088 0.09439468065737276
178 -0.05932561097490452 0.2203313836981549 0 2 1 -0.2203313836981549 -0.05932561097490452
179 -0.2130459026075434 0.02541422962247912 0 2 1 -0.02541422962247912 -0.2130459026075434
180 -0.3667661942405667 -0.169502924453473 0 2 1 0.169502924453473 -0.3667661942405667
181 -0.5204864858737391 -0.3644200785295832 0 2 1 0.3644200785295832 -0.5204864858737391
182 -0.6742067775068448 -0.5593372326056321 0 2 1 0.5593372326056321 -0.6742067775068448
183 0.6016731672295277 0.8033125925543839 0 2 1 -0.8033125925543839 0.6016731672295277
184 0.4255685566819876 0.6066251851088613 0 2 1 -0.6066251851088613 0.4255685566819876
185 0.2494639461344711 0.4099377776633438 0 2 1 -0.4099377776633438 0.2494639461344711
186 0.073359335586953 0.2132503702178219 0 2 1 -0.2132503702178219 0.073359335586953
187 -0.1027452749609785 0.01656296277195692 0 2 1 -0.01656296277195692 -0.1027452749609785
188 -0.2788498855093496 -0.1801244446742938 0 2 1 0.1801244446742938 -0.2788498855093496
189 -0.4549544960578914 -0.3768118521207197 0 2 1 0.3768118521207197 -0.4549544960578914
190 -0.6310591066063568 -0.5734992595670718 0 2 1 0.5734992595670718 -0.6310591066063568
191 -0.7886708610831696 0.9054921338573725 0 2 1 -0.9054921338573725 -0.7886708610831696
192 -0.8997819721939727 0.8110476894127399 0 2 1 -0.8110476894127399 -0.8997819721939727
193 -0.8943354305415516 0.9055238447063699 0 2 1 -0.9055238447063699 -0.8943354305415516
194 -0.8104570276927154 0.716476401572123 0 2 1 -0.716476401572123 -0.8104570276927154
195 -0.9106750554987428 0.6220953788254857 0 2 1 -0.6220953788254857 -0.9106750554987428
196 -0.9052285138463578 0.7165715341191069 0 2 1 -0.7165715341191069 -0.9052285138463578
197 -0.832243194302254 0.5274606692868038 0 2 1 -0.5274606692868038 -0.832243194302254
198 -0.9215681388035113 0.433143068238069 0 2 1 -0.433143068238069 -0.9215681388035113
199 -0.916121597151127 0.5276192235317774 0 2 1 -0.5276192235317774 -0.916121597151127
200 -0.854029360911791 0.3384449370014002 0 2 1 -0.3384449370014002 -0.854029360911791
201 -0.9324612221082798 0.2441907576506339 0 2 1 -0.2441907576506339 -0.9324612221082798
202 -0.9270146804558955 0.3386669129443771 0 2 1 -0.3386669129443771 -0.9270146804558955
203 -0.8758155275213539 0.1494292047162419 0 2 1 -0.1494292047162419 -0.8758155275213539
204 -0.9433543054130742 0.05523844706376743 0 2 1 -0.05523844706376743 -0.9433543054130742
205 -0.937907763760677 0.1497146023570674 0 2 1 -0.1497146023570674 -0.937907763760677
206 -0.8976016941309701 -0.03958652756847442 0 2 1 0.03958652756847442 -0.8976016941309701
207 -0.9542473887178959 -0.1337138635226687 0 2 1 0.1337138635226687 -0.9542473887178959
208 -0.9488008470654851 -0.03923770822940106 0 2 1 0.03923770822940106 -0.9488008470654851
209 -0.9193878607406243 -0.2286022598530317 0 2 1 0.2286022598530317 -0.9193878607406243
210 -0.9651404720227282 -0.3226661741091549 0 2 1 0.3226661741091549 -0.9651404720227282
211 -0.9596939303703123 -0.2281900188158997 0 2 1 0.2281900188158997 -0.9596939303703123
212 -0.9411740273502842 -0.4176179921376243 0 2 1 0.4176179921376243 -0.9411740273502842
213 -0.976033555327556 -0.5116184846956596 0 2 1 0.5116184846956596 -0.976033555327556
214 -0.9705870136751421 -0.4171423294023988 0 2 1 0.4171423294023988 -0.9705870136751421
215 -0.9629601939599348 -0.6066337244223043 0 2 1 0.6066337244223043 -0.9629601939599348
216 -0.9814738695664873 -0.6059520091102666 0 2 1 0.6059520091102666 -0.9814738695664873
217 -0.5773527773071451 0.9053023514425569 0 2 1 -0.9053023514425569 -0.5773527773071451
218 -0.6993569717227237 0.8107944852999293 0 2 1 -0.8107944852999293 -0.6993569717227237
219 -0.6830118191951491 0.9053972426499646 0 2 1 -0.9053972426499646 -0.6830118191951491
220 -0.6209472208078474 0.7159070543276821 0 2 1 -0.7159070543276821 -0.6209472208078474
221 -0.7320472767778392 0.6215889705998758 0 2 1 -0.6215889705998758 -0.7320472767778392
222 -0.7157021242502815 0.7161917279499025 0 2 1 -0.7161917279499025 -0.7157021242502815
223 -0.6645416643085349 0.5265117572127547 0 2 1 -0.5265117572127547 -0.6645416643085349
224 -0.7647375818329498 0.4323834558996825 0 2 1 -0.4323834558996825 -0.7647375818329498
225 -0.7483924293053945 0.5269862132497793 0 2 1 -0.5269862132497793 -0.7483924293053945
226 -0.7081361078092197 0.337116460097755 0 2 1 -0.337116460097755 -0.7081361078092197
227 -0.7974278868880609 0.2431779411994727 0 2 1 -0.2431779411994727 -0.7974278868880609
228 -0.7810827343605053 0.3377806985495776 0 2 1 -0.3377806985495776 -0.7810827343605053
229 -0.7517305513099564 0.1477211629829407 0 2 1 -0.1477211629829407 -0.7517305513099564
230 -0.8301181919432493 0.0539724264997099 0 2 1 -0.0539724264997099 -0.8301181919432493
231 -0.813773039415655 0.1485751838495913 0 2 1 -0.1485751838495913 -0.813773039415655
232 -0.7953249948107994 -0.04167413413154661 0 2 1 0.04167413413154661 -0.7953249948107994
233 -0.8628084969985201 -0.1352330881997309 0 2 1 0.1352330881997309 -0.8628084969985201
234 -0.8464633444708847 -0.04063033085001051 0 2 1 0.04063033085001051 -0.8464633444708847
235 -0.8389194383117187 -0.2310694312459373 0 2 1 0.2310694312459373 -0.8389194383117187
236 -0.8954988020538227 -0.3244386028992381 0 2 1 0.3244386028992381 -0.8954988020538227
237 -0.8791536495261716 -0.2298358455494845 0 2 1 0.2298358455494845 -0.8791536495261716
238 -0.8825138818126494 -0.4204647283603652 0 2 1 0.4204647283603652 -0.8825138818126494
239 -0.9281891071091111 -0.5136441175987514 0 2 1 0.5136441175987514 -0.9281891071091111
240 -0.9118439545814667 -0.4190413602489947 0 2 1 0.4190413602489947 -0.9118439545814667
241 -0.9261083253135609 -0.6098600254748587 0 2 1 0.6098600254748587 -0.9261083253135609
242 -0.9445156248223061 -0.608105329580039 0 2 1 0.608105329580039 -0.9445156248223061
243 -0.3660567196428912 0.9049876526663567 0 2 1 -0.9049876526663567 -0.3660567196428912
244 -0.4989650525040513 0.8102900041089135 0 2 1 -0.8102900041089135 -0.4989650525040513
245 -0.4717047484750181 0.9051450020544567 0 2 1 -0.9051450020544567 -0.4717047484750181
246 -0.4315034922582924 0.7149629579990873 0 2 1 -0.7149629579990873 -0.4315034922582924
247 -0.5534856605620886 0.6205800082178559 0 2 1 -0.6205800082178559 -0.5534856605620886
248 -0.5262253565330699 0.7154350061633846 0 2 1 -0.7154350061633846 -0.5262253565330699
249 -0.4969502648736717 0.524938263331782 0 2 1 -0.524938263331782 -0.4969502648736717
250 -0.6080062686201181 0.4308700123266807 0 2 1 -0.4308700123266807 -0.6080062686201181
251 -0.5807459645911033 0.5257250102722684 0 2 1 -0.5257250102722684 -0.5807459645911033
252 -0.5623970374890466 0.3349135686644166 0 2 1 -0.3349135686644166 -0.5623970374890466
253 -0.6625268766781482 0.241160016435491 0 2 1 -0.241160016435491 -0.6625268766781482
254 -0.6352665726491331 0.3360150143810858 0 2 1 -0.3360150143810858 -0.6352665726491331
255 -0.6278438101044994 0.144888873997177 0 2 1 -0.144888873997177 -0.6278438101044994
256 -0.7170474847363074 0.05145002054462672 0 2 1 -0.05145002054462672 -0.7170474847363074
257 -0.6897871807072278 0.1463050184900588 0 2 1 -0.1463050184900588 -0.6897871807072278
258 -0.6932905827201119 -0.04513582066985077 0 2 1 0.04513582066985077 -0.6932905827201119
259 -0.7715680927946038 -0.1382599753460241 0 2 1 0.1382599753460241 -0.7715680927946038
260 -0.7443077887654557 -0.04340497740069869 0 2 1 0.04340497740069869 -0.7443077887654557
261 -0.7587373553358385 -0.2351605153368443 0 2 1 0.2351605153368443 -0.7587373553358385
262 -0.8260887008529533 -0.3279699712367575 0 2 1 0.3279699712367575 -0.8260887008529533
263 -0.7988283968237786 -0.2331149732913908 0 2 1 0.2331149732913908 -0.7988283968237786
264 -0.8241841279515825 -0.4251852100038773 0 2 1 0.4251852100038773 -0.8241841279515825
265 -0.8806093089112788 -0.517679967127485 0 2 1 0.517679967127485 -0.8806093089112788
266 -0.853349004882116 -0.4228249691821213 0 2 1 0.4228249691821213 -0.853349004882116
267 -0.8896309005672978 -0.6152099046709543 0 2 1 0.6152099046709543 -0.8896309005672978
268 -0.9078387125694061 -0.6123955824504199 0 2 1 0.6123955824504199 -0.9078387125694061
269 -0.1547934914609941 0.9045504325760472 0 2 1 -0.9045504325760472 -0.1547934914609941
270 -0.2986279888795068 0.8095380852424039 0 2 1 -0.8095380852424039 -0.2986279888795068
271 -0.2604251055519426 0.9047690426212019 0 2 1 -0.9047690426212019 -0.2604251055519426
272 -0.2421582521558085 0.7136512977281646 0 2 1 -0.7136512977281646 -0.2421582521558085
273 -0.3750337555345942 0.6190761704848481 0 2 1 -0.6190761704848481 -0.3750337555345942
274 -0.3368308722070505 0.7143071278636259 0 2 1 -0.7143071278636259 -0.3368308722070505
275 -0.3295230128505935 0.5227521628802632 0 2 1 -0.5227521628802632 -0.3295230128505935
276 -0.451439522189671 0.428614255727197 0 2 1 -0.428614255727197 -0.451439522189671
277 -0.4132366388621326 0.5238452131060226 0 2 1 -0.5238452131060226 -0.4132366388621326
278 -0.416887773545373 0.3318530280323139 0 2 1 -0.3318530280323139 -0.416887773545373
279 -0.5278452888447487 0.2381523409695335 0 2 1 -0.2381523409695335 -0.5278452888447487
280 -0.4896424055172098 0.3333832983483653 0 2 1 -0.3333832983483653 -0.4896424055172098
281 -0.5042525342402562 0.1409538931844304 0 2 1 -0.1409538931844304 -0.5042525342402562
282 -0.6042510555000069 0.04769042621207391 0 2 1 -0.04769042621207391 -0.6042510555000069
283 -0.5660481721723778 0.1429213835908037 0 2 1 -0.1429213835908037 -0.5660481721723778
284 -0.5916172949353522 -0.04994524166335627 0 2 1 0.04994524166335627 -0.5916172949353522
285 -0.6806568221554573 -0.1427714885452809 0 2 1 0.1427714885452809 -0.6806568221554573
286 -0.6424539388277322 -0.04754053116660352 0 2 1 0.04754053116660352 -0.6424539388277322
287 -0.6789820556306007 -0.2408443765111715 0 2 1 0.2408443765111715 -0.6789820556306007
288 -0.7570625888109819 -0.3332334033027349 0 2 1 0.3332334033027349 -0.7570625888109819
289 -0.7188597054832196 -0.2380024459240079 0 2 1 0.2380024459240079 -0.7188597054832196
290 -0.7663468163258724 -0.4317435113590283 0 2 1 0.4317435113590283 -0.7663468163258724
291 -0.8334683554664732 -0.5236953180601707 0 2 1 0.5236953180601707 -0.8334683554664732
292 -0.7952654721387274 -0.4284643606814528 0 2 1 0.4284643606814528 -0.7952654721387274
293 -0.8537115770211059 -0.6226426462069072 0 2 1 0.6226426462069072 -0.8537115770211059
294 -0.8716283080108864 -0.6187901163537539 0 2 1 0.6187901163537539 -0.8716283080108864
295 0.05642635372808064 0.903994018679745 0 2 1 -0.903994018679745 0.05642635372808064
296 -0.09836713773044953 0.8085444512557922 0 2 1 -0.8085444512557922 -0.09836713773044953
297 -0.04918356886661093 0.9042722256278961 0 2 1 -0.9042722256278961 -0.04918356886661093
298 -0.05294316103302357 0.711982056039264 0 2 1 -0.711982056039264 -0.05294316103302357
299 -0.1967342754583825 0.6170889025116364 0 2 1 -0.6170889025116364 -0.1967342754583825
300 -0.147550706594416 0.7128166768837143 0 2 1 -0.7128166768837143 -0.147550706594416
301 -0.1623126757940909 0.5199700933987812 0 2 1 -0.5199700933987812 -0.1623126757940909
302 -0.2951014131863019 0.425633353767408 0 2 1 -0.425633353767408 -0.2951014131863019
303 -0.2459178443223422 0.5213611281395222 0 2 1 -0.5213611281395222 -0.2459178443223422
304 -0.2716821905551514 0.3279581307582627 0 2 1 -0.3279581307582627 -0.2716821905551514
305 -0.3934685509142224 0.2341778050231687 0 2 1 -0.2341778050231687 -0.3934685509142224
306 -0.3442849820502622 0.3299055793952884 0 2 1 -0.3299055793952884 -0.3442849820502622
307 -0.3810517053163415 0.1359461681177501 0 2 1 -0.1359461681177501 -0.3810517053163415
308 -0.4918356886423752 0.04272225627901179 0 2 1 -0.04272225627901179 -0.4918356886423752
309 -0.4426521197782989 0.1384500306510902 0 2 1 -0.1384500306510902 -0.4426521197782989
310 -0.490421220077798 -0.05606579452278103 0 2 1 0.05606579452278103 -0.490421220077798
311 -0.590202826370775 -0.1487332924651491 0 2 1 0.1487332924651491 -0.590202826370775
312 -0.5410192575065751 -0.05300551809306865 0 2 1 0.05300551809306865 -0.5410192575065751
313 -0.5997907348394449 -0.2480777571634034 0 2 1 0.2480777571634034 -0.5997907348394449
314 -0.6885699640992704 -0.3401888412094257 0 2 1 0.3401888412094257 -0.6885699640992704
315 -0.6393863952350227 -0.2444610668372874 0 2 1 0.2444610668372874 -0.6393863952350227
316 -0.7091602496011211 -0.4400897198040695 0 2 1 0.4400897198040695 -0.7091602496011211
317 -0.7869371018277231 -0.531644389953672 0 2 1 0.531644389953672 -0.7869371018277231
318 -0.7377535329634968 -0.4359166155815489 0 2 1 0.4359166155815489 -0.7377535329634968
319 -0.818529764362749 -0.6321016824447361 0 2 1 0.6321016824447361 -0.818529764362749
320 -0.8360660362377625 -0.6272402650261377 0 2 1 0.6272402650261377 -0.8360660362377625
321 0.2675925925807868 0.9033226456245853 0 2 1 -0.9033226456245853 0.2675925925807868
322 0.1017967240888011 0.8073166643043302 0 2 1 -0.8073166643043302 0.1017967240888011
323 0.1620094731544337 0.9036583321521652 0 2 1 -0.9036583321521652 0.1620094731544337
324 0.1361111110794246 0.7099679368737906 0 2 1 -0.7099679368737906 0.1361111110794246
325 -0.01862877404239999 0.6146333286087242 0 2 1 -0.6146333286087242 -0.01862877404239999
326 0.04158397502320053 0.7109749964565273 0 2 1 -0.7109749964565273 0.04158397502320053
327 0.0046296295781066 0.5166132281230111 0 2 1 -0.5166132281230111 0.0046296295781066
328 -0.1390542721735843 0.421949992913068 0 2 1 -0.421949992913068 -0.1390542721735843
329 -0.07884152310799218 0.5182916607608963 0 2 1 -0.5182916607608963 -0.07884152310799218
330 -0.1268518519232031 0.3232585193722082 0 2 1 -0.3232585193722082 -0.1268518519232031
331 -0.2594797703047701 0.2292666572174029 0 2 1 -0.2292666572174029 -0.2594797703047701
332 -0.1992670212391772 0.3256083250652354 0 2 1 -0.3256083250652354 -0.1992670212391772
333 -0.2583333334246685 0.1299038106213512 0 2 1 -0.1299038106213512 -0.2583333334246685
334 -0.3799052684362398 0.03658332152169838 0 2 1 -0.03658332152169838 -0.3799052684362398
335 -0.3196925193705049 0.1329249893695506 0 2 1 -0.1329249893695506 -0.3196925193705049
336 -0.3898148149264535 -0.0634508981296396 0 2 1 0.0634508981296396 -0.3898148149264535
337 -0.5003307665680117 -0.156100014174119 0 2 1 0.156100014174119 -0.5003307665680117
338 -0.4401180175021258 -0.05975834632621031 0 2 1 0.05975834632621031 -0.4401180175021258
339 -0.5212962964284673 -0.2568056068807846 0 2 1 0.2568056068807846 -0.5212962964284673
340 -0.6207562646999005 -0.348783349870069 0 2 1 0.348783349870069 -0.6207562646999005
341 -0.5605435156339561 -0.2524416820220939 0 2 1 0.2524416820220939 -0.5605435156339561
342 -0.6527777779305159 -0.4501603156319756 0 2 1 0.4501603156319756 -0.6527777779305159
343 -0.7411817628317365 -0.5414666855659761 0 2 1 0.5414666855659761 -0.7411817628317365
344 -0.6809690137658185 -0.4451250177180225 0 2 1 0.4451250177180225 -0.6809690137658185
345 -0.7842592594325069 -0.6435150243831451 0 2 1 0.6435150243831451 -0.7842592594325069
346 -0.8013285895183611 -0.637681717760576 0 2 1 0.637681717760576 -0.8013285895183611
347 0.4786954097381342 0.9025414229622439 0 2 1 -0.9025414229622439 0.4786954097381342
348 0.3018435578760166 0.8058640685868291 0 2 1 -0.8058640685868291 0.3018435578760166
349 0.3731440011594606 0.9029320342934146 0 2 1 -0.9029320342934146 0.3731440011594606
350 0.3249751181057967 0.7076242688867722 0 2 1 -0.7076242688867722 0.3249751181057967
351 0.1592426713092047 0.6117281371737338 0 2 1 -0.6117281371737338 0.1592426713092047
352 0.2305431145926107 0.7087961028802814 0 2 1 -0.7087961028802814 0.2305431145926107
353 0.1712548264735106 0.5127071148113328 0 2 1 -0.5127071148113328 0.1712548264735106
354 0.01664178474241244 0.4175922057606102 0 2 1 -0.4175922057606102 0.01664178474241244
355 0.08794222802580856 0.5146601714671719 0 2 1 -0.5146601714671719 0.08794222802580856
356 0.01753453484123411 0.3177899607358818 0 2 1 -0.3177899607358818 0.01753453484123411
357 -0.1259591018243814 0.2234562743474798 0 2 1 -0.2234562743474798 -0.1259591018243814
358 -0.05465865854098451 0.320524240054045 0 2 1 -0.320524240054045 -0.05465865854098451
359 -0.1361857567912239 0.122872806660317 0 2 1 -0.122872806660317 -0.1361857567912239
360 -0.268559988391511 0.02932034293418839 0 2 1 -0.02932034293418839 -0.268559988391511
361 -0.1972595451079462 0.1263883086408341 0 2 1 -0.1263883086408341 -0.1972595451079462
362 -0.289906048424055 -0.07204434741549696 0 2 1 0.07204434741549696 -0.289906048424055
363 -0.4111608749589976 -0.1648155884793249 0 2 1 0.1648155884793249 -0.4111608749589976
364 -0.3398604316752543 -0.06774762277256827 0 2 1 0.06774762277256827 -0.3398604316752543
365 -0.4436263400571529 -0.2669615014915281 0 2 1 0.2669615014915281 -0.4436263400571529
366 -0.5537617615266226 -0.3589515198929878 0 2 1 0.3589515198929878 -0.5537617615266226
367 -0.48246131824281 -0.2618835541861564 0 2 1 0.2618835541861564 -0.48246131824281
368 -0.597346631690292 -0.4618786555676077 0 2 1 0.4618786555676077 -0.597346631690292
369 -0.6963626480941854 -0.5530874513065954 0 2 1 0.5530874513065954 -0.6963626480941854
370 -0.625062204810404 -0.4560194855997916 0 2 1 0.4560194855997916 -0.625062204810404
371 -0.7510669233233636 -0.6567958096436439 0 2 1 0.6567958096436439 -0.7510669233233636
372 -0.7675863828437408 -0.6500350087503575 0 2 1 0.6500350087503575 -0.7675863828437408
373 0.6897254725033447 0.9016562962771919 0 2 1 -0.9016562962771919 0.6897254725033447
374 0.5017542155757363 0.8041977192394358 0 2 1 -0.8041977192394358 0.5017542155757363
375 0.5842104411207394 0.9020988596197179 0 2 1 -0.9020988596197179 0.5842104411207394
376 0.5136208619557576 0.7049688888316226 0 2 1 -0.7049688888316226 0.5136208619557576
377 0.336841764485818 0.608395438478959 0 2 1 -0.608395438478959 0.336841764485818
378 0.4192979900307772 0.7062965788591973 0 2 1 -0.7062965788591973 0.4192979900307772
379 0.3375162514082294 0.5082814813861025 0 2 1 -0.5082814813861025 0.3375162514082294
380 0.1719293133959219 0.4125931577184763 0 2 1 -0.4125931577184763 0.1719293133959219
381 0.25438553894087 0.5104942980987176 0 2 1 -0.5104942980987176 0.25438553894087
382 0.1614116408607121 0.3115940739405829 0 2 1 -0.3115940739405829 0.1614116408607121
383 0.007016862306024232 0.2167908769579884 0 2 1 -0.2167908769579884 0.007016862306024232
384 0.08947308785097308 0.3146920173382324 0 2 1 -0.3146920173382324 0.08947308785097308
385 -0.01469296968701274 0.1149066664948894 0 2 1 -0.1149066664948894 -0.01469296968701274
386 -0.1578955887842609 0.02098859619721802 0 2 1 -0.02098859619721802 -0.1578955887842609
387 -0.07543936323911833 0.1188897365776032 0 2 1 -0.1188897365776032 -0.07543936323911833
388 -0.190797580235164 -0.08178074095116844 0 2 1 0.08178074095116844 -0.190797580235164
389 -0.3228080398749581 -0.1748136845638834 0 2 1 0.1748136845638834 -0.3228080398749581
390 -0.2403518143296095 -0.07691254418333271 0 2 1 0.07691254418333271 -0.2403518143296095
391 -0.3669021907836205 -0.2784681483975067 0 2 1 0.2784681483975067 -0.3669021907836205
392 -0.4877204909658153 -0.3706159653251514 0 2 1 0.3706159653251514 -0.4877204909658153
393 -0.4052642654203867 -0.2727148249445174 0 2 1 0.2727148249445174 -0.4052642654203867
394 -0.5430068013321241 -0.4751555558438957 0 2 1 0.4751555558438957 -0.5430068013321241
395 -0.6526329420566008 -0.5664182460863519 0 2 1 0.5664182460863519 -0.6526329420566008
396 -0.5701767165112082 -0.4685171057057517 0 2 1 0.4685171057057517 -0.5701767165112082
397 -0.7191114118805506 -0.6718429632902199 0 2 1 0.6718429632902199 -0.7191114118805506
398 -0.7350022567021975 -0.6642061219801501 0 2 1 0.6642061219801501 -0.7350022567021975
399 0.7015105855236287 0.8023302981860567 0 2 1 -0.8023302981860567 0.7015105855236287
400 0.7951997372061274 0.901165149093051 0 2 1 -0.901165149093051 0.7951997372061274
401 0.5141322821587763 0.6046605963722131 0 2 1 -0.6046605963722131 0.5141322821587763
402 0.6078214338412191 0.7034954472791516 0 2 1 -0.7034954472791516 0.6078214338412191
403 0.3267539787939491 0.4069908945583854 0 2 1 -0.4069908945583854 0.3267539787939491
404 0.4204431304763386 0.5058257454652753 0 2 1 -0.5058257454652753 0.4204431304763386
405 0.1393756754291199 0.2093211927445544 0 2 1 -0.2093211927445544 0.1393756754291199
406 0.2330648271115516 0.308156043651487 0 2 1 -0.308156043651487 0.2330648271115516
407 -0.04800262793614837 0.01165149093031932 0 2 1 -0.01165149093031932 -0.04800262793614837
408 0.0456865237466173 0.1104863418375684 0 2 1 -0.1104863418375684 0.0456865237466173
409 -0.2353809313018839 -0.186018210884356 0 2 1 0.186018210884356 -0.2353809313018839
410 -0.1416917796189496 -0.08718335997695184 0 2 1 0.08718335997695184 -0.1416917796189496
411 -0.422759234667801 -0.3836879126992152 0 2 1 0.3836879126992152 -0.422759234667801
412 -0.3290700829848373 -0.2848530617917804 0 2 1 0.2848530617917804 -0.3290700829848373
413 -0.6101375380336367 -0.5813576145139943 0 2 1 0.5813576145139943 -0.6101375380336367
414 -0.5164483863507189 -0.4825227636066047 0 2 1 0.4825227636066047 -0.5164483863507189
415 -0.7037302378788042 -0.6800872067314216 0 2 1 0.6800872067314216 -0.7037302378788042
416 0.8033125925492224 0.6016731672368597 0 2 2 0.6016731672368597 0.8033125925492224
417 0.8050828459120507 0.4018352639421032 0 2 2 0.4018352639421032 0.8050828459120507
418 0.8066452912297496 0.201851851867387 0 2 2 0.201851851867387 0.8066452912297496
419 0.8079880373326929 0.001741596409982282 0 2 2 0.001741596409982282 0.8079880373326929
420 0.8091008651277062 -0.1984758717360289 0 2 2 -0.1984758717360289 0.8091008651277062
421 0.8099753053156402 -0.3987801058819662 0 2 2 -0.3987801058819662 0.8099753053156402
422 0.810604702876063 -0.5991499990010826 0 2 2 -0.5991499990010826 0.810604702876063
423 0.8109842677148285 -0.7995639443811126 0 2 2 -0.7995639443811126 0.8109842677148285
424 0.6066251850985561 0.4255685566954188 0 2 2 0.4255685566954188 0.6066251850985561
425 0.6101656918242184 0.2481149723274995 0 2 2 0.2481149723274995 0.6101656918242184
426 0.613290582459622 0.07037037039966199 0 2 2 0.07037037039966199 0.613290582459622
427 0.6159760746655147 -0.1076279182935527 0 2 2 -0.1076279182935527 0.6159760746655147
428 0.6182017302555474 -0.2858406323633643 0 2 2 -0.2858406323633643 0.6182017302555474
429 0.6199506106314219 -0.4642268784324125 0 2 2 -0.4642268784324125 0.6199506106314219
430 0.6212094057522737 -0.6427444424478181 0 2 2 -0.6427444424478181 0.6212094057522737
431 0.6219685354298116 -0.8213501109850515 0 2 2 -0.8213501109850515 0.6219685354298116
432 0.4099377776479233 0.249463946154002 0 2 2 0.249463946154002 0.4099377776479233
433 0.4152485377364263 0.09439468071291648 0 2 2 0.09439468071291648 0.4152485377364263
434 0.4199358736895417 -0.06111111106804548 0 2 2 -0.06111111106804548 0.4199358736895417
435 0.4239641119983905 -0.2169974329970731 0 2 2 -0.2169974329970731 0.4239641119983905
436 0.4273025953834496 -0.3732053929906877 0 2 2 -0.3732053929906877 0.4273025953834496
437 0.4299259159472716 -0.5296736509828501 0 2 2 -0.5296736509828501 0.4299259159472716
438 0.4318141086285597 -0.6863388858945482 0 2 2 -0.6863388858945482 0.4318141086285597
439 0.4329528031448771 -0.8431362775889877 0 2 2 -0.8431362775889877 0.4329528031448771
440 0.2132503701972894 0.07335933561258272 0 2 2 0.07335933561258272 0.2132503701972894
441 0.2203313836486346 -0.05932561090166819 0 2 2 -0.05932561090166819 0.2203313836486346
442 0.2265811649194627 -0.1925925925357544 0 2 2 -0.1925925925357544 0.2265811649194627
443 0.2319521493312691 -0.3263669477005948 0 2 2 -0.3263669477005948 0.2319521493312691
444 0.2364034605113561 -0.4605701536180123 0 2 2 -0.4605701536180123 0.2364034605113561
445 0.2399012212631269 -0.5951204235332883 0 2 2 -0.5951204235332883 0.2399012212631269
446 0.2424188115048527 -0.7299333293412786 0 2 2 -0.7299333293412786 0.2424188115048527
447 0.2439370708599506 -0.8649224441929244 0 2 2 -0.8649224441929244 0.2439370708599506
448 0.01656296274619058 -0.1027452749292484 0 2 2 -0.1027452749292484 0.01656296274619058
449 0.02541422956037732 -0.2130459025166126 0 2 2 -0.2130459025166126 0.02541422956037732
450 0.03322645614891746 -0.324074074003771 0 2 2 -0.324074074003771 0.03322645614891746
451 0.03994018666367977 -0.4357364624043722 0 2 2 -0.4357364624043722 0.03994018666367977
452 0.04550432563879234 -0.5479349142455414 0 2 2 -0.5479349142455414 0.04550432563879234
453 0.04987652657850922 -0.6605671960838798 0 2 2 -0.6605671960838798 0.04987652657850922
454 0.05302351438066934 -0.7735277727881111 0 2 2 -0.7735277727881111 0.05302351438066934
455 0.05492133857454415 -0.8867086107969118 0 2 2 -0.8867086107969118 0.05492133857454415
456 -0.1801244447054156 -0.278849885471518 0 2 2 -0.278849885471518 -0.1801244447054156
457 -0.1695029245284002 -0.3667661941319395 0 2 2 -0.3667661941319395 -0.1695029245284002
458 -0.1601282526221618 -0.4555555554721147 0 2 2 -0.4555555554721147 -0.1601282526221618
459 -0.1520717760044577 -0.5451059771084219 0 2 2 -0.5451059771084219 -0.1520717760044577
460 -0.1453948092343344 -0.6352996748732876 0 2 2 -0.6352996748732876 -0.1453948092343344
461 -0.1401481681066871 -0.7260139686346339 0 2 2 -0.7260139686346339 -0.1401481681066871
462 -0.1363717827441087 -0.8171222162350522 0 2 2 -0.8171222162350522 -0.1363717827441087
463 -0.134094393711474 -0.9084947774009533 0 2 2 -0.9084947774009533 -0.134094393711474
464 -0.3768118521571899 -0.4549544960139585 0 2 2 -0.4549544960139585 -0.3768118521571899
465 -0.3644200786173222 -0.5204864857474159 0 2 2 -0.5204864857474159 -0.3644200786173222
466 -0.3534829613933618 -0.5870370369405863 0 2 2 -0.5870370369405863 -0.3534829613933618
467 -0.3440837386726922 -0.6544754918125778 0 2 2 -0.6544754918125778 -0.3440837386726922
468 -0.3362939441075345 -0.7226644355011189 0 2 2 -0.7226644355011189 -0.3362939441075345
469 -0.3301728627919333 -0.7914607411854518 0 2 2 -0.7914607411854518 -0.3301728627919333
470 -0.3257670798689134 -0.8607166596820356 0 2 2 -0.8607166596820356 -0.3257670798689134
471 -0.3231101259974958 -0.9302809440050162 0 2 2 -0.9302809440050162 -0.3231101259974958
472 -0.5734992596088689 -0.6310591065563225 0 2 2 -0.6310591065563225 -0.5734992596088689
473 -0.5593372327061394 -0.6742067773628257 0 2 2 -0.6742067773628257 -0.5593372327061394
474 -0.5468376701644475 -0.7185185184090008 0 2 2 -0.7185185184090008 -0.5468376701644475
475 -0.5360957013408029 -0.7638450065166866 0 2 2 -0.7638450065166866 -0.5360957013408029
476 -0.5271930789806014 -0.8100291961289128 0 2 2 -0.8100291961289128 -0.5271930789806014
477 -0.5201975574770361 -0.8569075137362413 0 2 2 -0.8569075137362413 -0.5201975574770361
478 -0.5151623769935652 -0.9043111031290001 0 2 2 -0.9043111031290001 -0.5151623769935652
479 -0.5121258582833543 -0.9520671106090699 0 2 2 -0.9520671106090699 -0.5121258582833543
480 0.802330298183476 0.7015105855272947 0 2 2 0.7015105855272947 0.802330298183476
481 0.9016562962746112 0.6897254725076267 0 2 2 0.6897254725076267 0.9016562962746112
482 0.9011651490917606 0.7951997372082352 0 2 2 0.7951997372082352 0.9011651490917606
483 0.8041977192306365 0.5017542155894814 0 2 2 0.5017542155894814 0.8041977192306365
484 0.9025414229560254 0.4786954097494457 0 2 2 0.4786954097494457 0.9025414229560254
485 0.9020988596153182 0.5842104411285278 0 2 2 0.5842104411285278 0.9020988596153182
486 0.8058640685709002 0.3018435579047451 0 2 2 0.3018435579047451 0.8058640685709002
487 0.9033226456148749 0.2675925926012844 0 2 2 0.2675925926012844 0.9033226456148749
488 0.9029320342854501 0.373144001175365 0 2 2 0.373144001175365 0.9029320342854501
489 0.8073166642812213 0.1017967241386846 0 2 2 0.1017967241386846 0.8073166642812213
490 0.9039940186663464 0.05642635376177879 0 2 2 0.05642635376177879 0.9039940186663464
491 0.9036583321406106 0.1620094731815316 0 2 2 0.1620094731815316 0.9036583321406106
492 0.8085444512301996 -0.0983671376630233 0 2 2 -0.0983671376630233 0.8085444512301996
493 0.9045504325638531 -0.1547934914223381 0 2 2 -0.1547934914223381 0.9045504325638531
494 0.9042722256150998 -0.04918356883012548 0 2 2 -0.04918356883012548 0.9042722256150998
495 0.8095380852216731 -0.2986279888089975 0 2 2 -0.2986279888089975 0.8095380852216731
496 0.9049876526578201 -0.3660567196067258 0 2 2 -0.3660567196067258 0.9049876526578201
497 0.9047690426108366 -0.2604251055145319 0 2 2 -0.2604251055145319 0.9047690426108366
498 0.8102900040958516 -0.4989650524415244 0 2 2 -0.4989650524415244 0.8102900040958516
499 0.9053023514380315 -0.577352777277703 0 2 2 -0.577352777277703 0.9053023514380315
500 0.9051450020479258 -0.4717047484422144 0 2 2 -0.4717047484422144 0.9051450020479258
501 0.8107944852954457 -0.6993569716910976 0 2 2 -0.6993569716910976 0.8107944852954457
502 0.9054921338574142 -0.7886708610791371 0 2 2 -0.7886708610791371 0.9054921338574142
503 0.9053972426477229 -0.68301181917842 0 2 2 -0.68301181917842 0.9053972426477229
504 0.811047689413112 -0.8997819721905562 0 2 2 -0.8997819721905562 0.811047689413112
505 0.9055238447065993 -0.8943354305395685 0 2 2 -0.8943354305395685 0.9055238447065993
506 0.6046605963670606 0.5141322821654919 0 2 2 0.5141322821654919 0.6046605963670606
507 0.7049688888238892 0.5136208619661393 0 2 2 0.5136208619661393 0.7049688888238892
508 0.7034954472752848 0.60782143384641 0 2 2 0.60782143384641 0.7034954472752848
509 0.6083954384613872 0.3368417645114591 0 2 2 0.3368417645114591 0.6083954384613872
510 0.7076242688681346 0.3249751181348013 0 2 2 0.3249751181348013 0.7076242688681346
511 0.7062965788460118 0.4192979900504702 0 2 2 0.4192979900504702 0.7062965788460118
512 0.6117281371419202 0.1592426713635807 0 2 2 0.1592426713635807 0.6117281371419202
513 0.7099679368446858 0.1361111111335245 0 2 2 0.1361111111335245 0.7099679368446858
514 0.7087961028564103 0.2305431146341629 0 2 2 0.2305431146341629 0.7087961028564103
515 0.6146333285625684 -0.01862877394694537 0 2 2 -0.01862877394694537 0.6146333285625684
516 0.7119820559991038 -0.05294316094178522 0 2 2 -0.05294316094178522 0.7119820559991038
517 0.7109749964218948 0.04158397509586963 0 2 2 0.04158397509586963 0.7109749964218948
518 0.6170889024605311 -0.1967342753284585 0 2 2 -0.1967342753284585 0.6170889024605311
519 0.7136512976916267 -0.2421582520496966 0 2 2 -0.2421582520496966 0.7136512976916267
520 0.7128166768453652 -0.1475507064957409 0 2 2 -0.1475507064957409 0.7128166768453652
521 0.6190761704434846 -0.3750337553978884 0 2 2 -0.3750337553978884 0.6190761704434846
522 0.714962957973531 -0.4315034921571894 0 2 2 -0.4315034921571894 0.714962957973531
523 0.714307127832579 -0.336830872103443 0 2 2 -0.336830872103443 0.714307127832579
524 0.6205800081918478 -0.5534856604401153 0 2 2 -0.5534856604401153 0.6205800081918478
525 0.7159070543141683 -0.6209472207244504 0 2 2 -0.6209472207244504 0.7159070543141683
526 0.7154350061438497 -0.5262253564408199 0 2 2 -0.5262253564408199 0.7154350061438497
527 0.6215889705910427 -0.7320472767164348 0 2 2 -0.7320472767164348 0.6215889705910427
528 0.71647640157232 -0.810457027683082 0 2 2 -0.810457027683082 0.71647640157232
529 0.7161917279432441 -0.7157021242037662 0 2 2 -0.7157021242037662 0.7161917279432441
530 0.6220953788263821 -0.9106750554925258 0 2 2 -0.9106750554925258 0.6220953788263821
531 0.7165715341197683 -0.905228513841541 0 2 2 -0.905228513841541 0.7165715341197683
532 0.4069908945506752 0.3267539788037145 0 2 2 0.3267539788037145 0.4069908945506752
533 0.5082814813732397 0.3375162514247104 0 2 2 0.3375162514247104 0.5082814813732397
534 0.505825745458844 0.4204431304845793 0 2 2 0.4204431304845793 0.505825745458844
535 0.4125931576921748 0.1719293134334592 0 2 2 0.1719293134334592 0.4125931576921748
536 0.5127071147803224 0.171254826520208 0 2 2 0.171254826520208 0.5127071147803224
537 0.510494298076781 0.2543855389724592 0 2 2 0.2543855389724592 0.510494298076781
538 0.417592205712984 0.0166417848224355 0 2 2 0.0166417848224355 0.417592205712984
539 0.5166132280745819 0.004629629665808252 0 2 2 0.004629629665808252 0.5166132280745819
540 0.5146601714274521 0.08794222809300811 0 2 2 0.08794222809300811 0.5146601714274521
541 0.4219499928439661 -0.1390542720325593 0 2 2 -0.1390542720325593 0.4219499928439661
542 0.5199700933319527 -0.1623126756453129 0 2 2 -0.1623126756453129 0.5199700933319527
543 0.5182916607032673 -0.07884152298975231 0 2 2 -0.07884152298975231 0.5182916607032673
544 0.42563335369092 -0.2951014129938804 0 2 2 -0.2951014129938804 0.42563335369092
545 0.5227521628194984 -0.329523012677026 0 2 2 -0.329523012677026 0.5227521628194984
546 0.5213611280757255 -0.2459178441611695 0 2 2 -0.2459178441611695 0.5213611280757255
547 0.4286142556653606 -0.4514395219867689 0 2 2 -0.4514395219867689 0.4286142556653606
548 0.5249382632893467 -0.4969502647076313 0 2 2 -0.4969502647076313 0.5249382632893467
549 0.5238452130544224 -0.4132366386923287 0 2 2 -0.4132366386923287 0.5238452130544224
550 0.4308700122879157 -0.6080062684386991 0 2 2 -0.6080062684386991 0.4308700122879157
551 0.5265117571904167 -0.6645416641711832 0 2 2 -0.6645416641711832 0.5265117571904167
552 0.5257250102398818 -0.5807459644394072 0 2 2 -0.5807459644394072 0.5257250102398818
553 0.4323834558867183 -0.7647375817417679 0 2 2 -0.7647375817417679 0.4323834558867183
554 0.5274606692873443 -0.8322431942870196 0 2 2 -0.8322431942870196 0.5274606692873443
555 0.5269862132388805 -0.7483924292291013 0 2 2 -0.7483924292291013 0.5269862132388805
556 0.433143068239738 -0.9215681387944938 0 2 2 -0.9215681387944938 0.433143068239738
557 0.5276192235330271 -0.9161215971435098 0 2 2 -0.9161215971435098 0.5276192235330271
558 0.2093211927342881 0.1393756754419348 0 2 2 0.1393756754419348 0.2093211927342881
559 0.3115940739226063 0.1614116408832924 0 2 2 0.1614116408832924 0.3115940739226063
560 0.3081560436424988 0.2330648271228418 0 2 2 0.2330648271228418 0.3081560436424988
561 0.216790876922962 0.007016862355457273 0 2 2 0.007016862355457273 0.216790876922962
562 0.3177899606925305 0.01753453490562415 0 2 2 0.01753453490562415 0.3177899606925305
563 0.3146920173075684 0.08947308789445824 0 2 2 0.08947308789445824 0.3146920173075684
564 0.2234562742840486 -0.1259591017187113 0 2 2 -0.1259591017187113 0.2234562742840486
565 0.3232585193045022 -0.1268518518019 0 2 2 -0.1268518518019 0.3232585193045022
566 0.3205242399985163 -0.0546586584481379 0 2 2 -0.0546586584481379 0.3205242399985163
567 0.2292666571253659 -0.2594797701181746 0 2 2 -0.2594797701181746 0.2292666571253659
568 0.3279581306648298 -0.271682190348834 0 2 2 -0.271682190348834 0.3279581306648298
569 0.325608324984666 -0.199267021075367 0 2 2 -0.199267021075367 0.325608324984666
570 0.2341778049213126 -0.3934685506593035 0 2 2 -0.3934685506593035 0.2341778049213126
571 0.3318530279474028 -0.41688777330435 0 2 2 -0.41688777330435 0.3318530279474028
572 0.3299055793061163 -0.344284981826592 0 2 2 -0.344284981826592 0.3299055793061163
573 0.2381523408872415 -0.5278452885756503 0 2 2 -0.5278452885756503 0.2381523408872415
574 0.3349135686051992 -0.5623970372580692 0 2 2 -0.5623970372580692 0.3349135686051992
575 0.333383298276301 -0.4896424052812096 0 2 2 -0.4896424052812096 0.333383298276301
576 0.2411600163839898 -0.6625268764372835 0 2 2 -0.6625268764372835 0.2411600163839898
577 0.3371164600667061 -0.7081361076179133 0 2 2 -0.7081361076179133 0.3371164600667061
578 0.3360150143359527 -0.6352665724379912 0 2 2 -0.6352665724379912 0.3360150143359527
579 0.2431779411824016 -0.7974278867671015 0 2 2 -0.7974278867671015 0.2431779411824016
580 0.3384449370024138 -0.854029360890956 0 2 2 -0.854029360890956 0.3384449370024138
581 0.33778069853456 -0.7810827342544348 0 2 2 -0.7810827342544348 0.33778069853456
582 0.2441907576531027 -0.9324612220964622 0 2 2 -0.9324612220964622 0.2441907576531027
583 0.3386669129463708 -0.9270146804454781 0 2 2 -0.9270146804454781 0.3386669129463708
584 0.01165149091743615 -0.04800262792028335 0 2 2 -0.04800262792028335 0.01165149091743615
585 0.11490666647174 -0.01469296965833285 0 2 2 -0.01469296965833285 0.11490666647174
586 0.1104863418259937 0.04568652376095725 0 2 2 0.04568652376095725 0.1104863418259937
587 0.02098859615328395 -0.1578955887229305 0 2 2 -0.1578955887229305 0.02098859615328395
588 0.1228728066045059 -0.1361857567091404 0 2 2 -0.1361857567091404 0.1228728066045059
589 0.118889736538123 -0.07543936318373662 0 2 2 -0.07543936318373662 0.118889736538123
590 0.02932034285464739 -0.2685599882601918 0 2 2 -0.2685599882601918 0.02932034285464739
591 0.1299038105341901 -0.2583333332697627 0 2 2 -0.2583333332697627 0.1299038105341901
592 0.126388308569348 -0.1972595449894515 0 2 2 -0.1972595449894515 0.126388308569348
593 0.03658332140629861 -0.3799052682040716 0 2 2 -0.3799052682040716 0.03658332140629861
594 0.1359461679974744 -0.3810517050524835 0 2 2 -0.3810517050524835 0.1359461679974744
595 0.1329249892658323 -0.3196925191611231 0 2 2 -0.3196925191611231 0.1329249892658323
596 0.04272225615123605 -0.4918356883249568 0 2 2 -0.4918356883249568 0.04272225615123605
597 0.1409538930750742 -0.5042525339317768 0 2 2 -0.5042525339317768 0.1409538930750742
598 0.1384500305362743 -0.4426521194921302 0 2 2 -0.4426521194921302 0.1384500305362743
599 0.04769042610865078 -0.6042510551647107 0 2 2 -0.6042510551647107 0.04769042610865078
600 0.144888873920818 -0.6278438098085841 0 2 2 -0.6278438098085841 0.144888873920818
601 0.1429213834979461 -0.5660481718701805 0 2 2 -0.5660481718701805 0.1429213834979461
602 0.05145002047958928 -0.7170474844359955 0 2 2 -0.7170474844359955 0.05145002047958928
603 0.147721162942761 -0.7517305510646949 0 2 2 -0.7517305510646949 0.147721162942761
604 0.1463050184317895 -0.6897871804366394 0 2 2 -0.6897871804366394 0.1463050184317895
605 0.05397242647760674 -0.8301181917925115 0 2 2 -0.8301181917925115 0.05397242647760674
606 0.1494292047172474 -0.8758155274949181 0 2 2 -0.8758155274949181 0.1494292047172474
607 0.1485751838300042 -0.8137730392798066 0 2 2 -0.8137730392798066 0.1485751838300042
608 0.05523844706598523 -0.9433543053984559 0 2 2 -0.9433543053984559 0.05523844706598523
609 0.1497146023596773 -0.9379077637474591 0 2 2 -0.9379077637474591 0.1497146023596773
610 -0.1860182108999169 -0.2353809312829681 0 2 2 -0.2353809312829681 -0.1860182108999169
611 -0.08178074097961249 -0.1907975802003832 0 2 2 -0.1907975802003832 -0.08178074097961249
612 -0.08718335999117387 -0.1416917796015592 0 2 2 -0.1416917796015592 -0.08718335999117387
613 -0.1748136846169079 -0.3228080398017288 0 2 2 -0.3228080398017288 -0.1748136846169079
614 -0.07204434748401142 -0.289906048324276 0 2 2 -0.289906048324276 -0.07204434748401142
615 -0.07691254423181196 -0.2403518142623297 0 2 2 -0.2403518142623297 -0.07691254423181196
616 -0.164815588575281 -0.4111608748020271 0 2 2 -0.4111608748020271 -0.164815588575281
617 -0.0634508982366222 -0.3898148147379429 0 2 2 -0.3898148147379429 -0.0634508982366222
618 -0.0677476228603168 -0.3398604315311095 0 2 2 -0.3398604315311095 -0.0677476228603168
619 -0.1561000143133098 -0.5003307662902683 0 2 2 -0.5003307662902683 -0.1561000143133098
620 -0.05606579467038895 -0.4904212197563971 0 2 2 -0.4904212197563971 -0.05606579467038895
621 -0.05975834645350558 -0.4401180172471699 0 2 2 -0.4401180172471699 -0.05975834645350558
622 -0.1487332926193961 -0.5902028259908547 0 2 2 -0.5902028259908547 -0.1487332926193961
623 -0.04994524179777103 -0.5916172945594145 0 2 2 -0.5916172945594145 -0.04994524179777103
624 -0.05300551823408 -0.5410192571579058 0 2 2 -0.5410192571579058 -0.05300551823408
625 -0.1427714886705108 -0.6806568217539608 0 2 2 -0.6806568217539608 -0.1427714886705108
626 -0.04513582076408895 -0.6932905823592568 0 2 2 -0.6932905823592568 -0.04513582076408895
627 -0.04754053128092999 -0.6424539384593357 0 2 2 -0.6424539384593357 -0.04754053128092999
628 -0.1382599754253979 -0.771568092434843 0 2 2 -0.771568092434843 -0.1382599754253979
629 -0.04167413418171967 -0.7953249945115817 0 2 2 -0.7953249945115817 -0.04167413418171967
630 -0.04340497747290431 -0.7443077884354192 0 2 2 -0.7443077884354192 -0.04340497747290431
631 -0.1352330882277913 -0.8628084968180028 0 2 2 -0.8628084968180028 -0.1352330882277913
632 -0.03958652756846491 -0.8976016940989325 0 2 2 -0.8976016940989325 -0.03958652756846491
633 -0.04063033087509228 -0.8464633443052572 0 2 2 -0.8464633443052572 -0.04063033087509228
634 -0.1337138635217528 -0.9542473887004767 0 2 2 -0.9542473887004767 -0.1337138635217528
635 -0.03923770822790944 -0.9488008470494663 0 2 2 -0.9488008470494663 -0.03923770822790944
636 -0.3836879127174503 -0.4227592346458345 0 2 2 -0.4227592346458345 -0.3836879127174503
637 -0.2784681484313027 -0.3669021907427382 0 2 2 -0.3669021907427382 -0.2784681484313027
638 -0.2848530618086784 -0.3290700829643962 0 2 2 -0.3290700829643962 -0.2848530618086784
639 -0.3706159653872561 -0.4877204908806871 0 2 2 -0.4877204908806871 -0.3706159653872561
640 -0.2669615015728611 -0.4436263399396777 0 2 2 -0.4436263399396777 -0.2669615015728611
641 -0.2727148250020819 -0.405264265341208 0 2 2 -0.405264265341208 -0.2727148250020819
642 -0.358951520005342 -0.5537617613440011 0 2 2 -0.5537617613440011 -0.358951520005342
643 -0.2568056070077618 -0.5212962962063505 0 2 2 -0.5212962962063505 -0.2568056070077618
644 -0.2618835542903115 -0.4824613180730141 0 2 2 -0.4824613180730141 -0.2618835542903115
645 -0.348783350033027 -0.620756264376582 0 2 2 -0.620756264376582 -0.348783350033027
646 -0.2480777573385749 -0.5997907344604998 0 2 2 -0.5997907344604998 -0.2480777573385749
647 -0.2524416821731683 -0.5605435153334251 0 2 2 -0.5605435153334251 -0.2524416821731683
648 -0.3401888413901134 -0.6885699636568483 0 2 2 -0.6885699636568483 -0.3401888413901134
649 -0.2408443766709345 -0.6789820551872032 0 2 2 -0.6789820551872032 -0.2408443766709345
650 -0.2444610670047547 -0.6393863948238515 0 2 2 -0.6393863948238515 -0.2444610670047547
651 -0.3332334034497339 -0.7570625883432853 0 2 2 -0.7570625883432853 -0.3332334034497339
652 -0.2351605154493102 -0.7587373549100429 0 2 2 -0.7587373549100429 -0.2351605154493102
653 -0.2380024460601223 -0.7188597050486231 0 2 2 -0.7188597050486231 -0.2380024460601223
654 -0.3279699713304233 -0.8260887004337437 0 2 2 -0.8260887004337437 -0.3279699713304233
655 -0.231069431306511 -0.8389194379585438 0 2 2 -0.8389194379585438 -0.231069431306511
656 -0.2331149733779107 -0.7988283964342933 0 2 2 -0.7988283964342933 -0.2331149733779107
657 -0.3244386029332046 -0.8954988018435259 0 2 2 -0.8954988018435259 -0.3244386029332046
658 -0.2286022598544849 -0.9193878607029847 0 2 2 -0.9193878607029847 -0.2286022598544849
659 -0.229835845580498 -0.8791536493307643 0 2 2 -0.8791536493307643 -0.229835845580498
660 -0.322666174109483 -0.9651404720025081 0 2 2 -0.9651404720025081 -0.322666174109483
661 -0.2281900188156179 -0.9596939303514924 0 2 2 -0.9596939303514924 -0.2281900188156179
662 -0.5813576145348929 -0.6101375380086196 0 2 2 -0.6101375380086196 -0.5813576145348929
663 -0.4751555558830294 -0.5430068012851405 0 2 2 -0.5430068012851405 -0.4751555558830294
664 -0.4825227636261716 -0.516448386327227 0 2 2 -0.516448386327227 -0.4825227636261716
665 -0.5664182461575042 -0.6526329419595741 0 2 2 -0.6526329419595741 -0.5664182461575042
666 -0.4618786556617308 -0.5973466315551208 0 2 2 -0.5973466315551208 -0.4618786556617308
667 -0.4685171057723801 -0.5701767164201307 0 2 2 -0.5701767164201307 -0.4685171057723801
668 -0.5530874514352935 -0.6963626478859133 0 2 2 -0.6963626478859133 -0.5530874514352935
669 -0.4501603157789046 -0.6527777776747936 0 2 2 -0.6527777776747936 -0.4501603157789046
670 -0.4560194857203177 -0.6250622046149572 0 2 2 -0.6250622046149572 -0.4560194857203177
671 -0.5414666857526251 -0.7411817624628437 0 2 2 -0.7411817624628437 -0.5414666857526251
672 -0.4400897200067475 -0.7091602491646323 0 2 2 -0.7091602491646323 -0.4400897200067475
673 -0.445125017892826 -0.6809690134197128 0 2 2 -0.6809690134197128 -0.445125017892826
674 -0.5316443901607022 -0.7869371013227997 0 2 2 -0.7869371013227997 -0.5316443901607022
675 -0.431743511544068 -0.7663468158150158 0 2 2 -0.7663468158150158 -0.431743511544068
676 -0.4359166157754077 -0.7377535324898239 0 2 2 -0.7377535324898239 -0.4359166157754077
677 -0.5236953182288188 -0.833468354932577 0 2 2 -0.833468354932577 -0.5236953182288188
678 -0.4251852101344847 -0.8241841274608466 0 2 2 -0.8241841274608466 -0.4251852101344847
679 -0.4284643608392764 -0.795265471637931 0 2 2 -0.795265471637931 -0.4284643608392764
680 -0.5176799672353006 -0.8806093084326208 0 2 2 -0.8806093084326208 -0.5176799672353006
681 -0.4204647284312393 -0.8825138814055178 0 2 2 -0.8825138814055178 -0.4204647284312393
682 -0.422824969282862 -0.8533490044331822 0 2 2 -0.8533490044331822 -0.422824969282862
683 -0.5136441176384597 -0.928189106869035 0 2 2 -0.928189106869035 -0.5136441176384597
684 -0.4176179921404251 -0.941174027307043 0 2 2 -0.941174027307043 -0.4176179921404251
685 -0.4190413602858322 -0.9118439543562804 0 2 2 -0.9118439543562804 -0.4190413602858322
686 -0.5116184846970446 -0.9760335553045349 0 2 2 -0.9760335553045349 -0.5116184846970446
687 -0.4171423294032579 -0.9705870136535215 0 2 2 -0.9705870136535215 -0.4171423294032579
688 -0.6718429633346699 -0.719111411827466 0 2 2 -0.719111411827466 -0.6718429633346699
689 -0.6800872067593426 -0.7037302378472285 0 2 2 -0.7037302378472285 -0.6800872067593426
690 -0.6567958097505144 -0.7510669231704967 0 2 2 -0.7510669231704967 -0.6567958097505144
691 -0.6642061220403889 -0.7350022566215433 0 2 2 -0.7350022566215433 -0.6642061220403889
692 -0.6435150245499617 -0.7842592591431793 0 2 2 -0.7842592591431793 -0.6435150245499617
693 -0.6500350088826896 -0.7675863826328926 0 2 2 -0.7675863826328926 -0.6500350088826896
694 -0.6321016826748345 -0.8185297638687169 0 2 2 -0.8185297638687169 -0.6321016826748345
695 -0.6376817179380142 -0.801328589172334 0 2 2 -0.801328589172334 -0.6376817179380142
696 -0.6226426464171158 -0.8537115764427902 0 2 2 -0.8537115764427902 -0.6226426464171158
697 -0.6272402652534401 -0.836066035686452 0 2 2 -0.836066035686452 -0.6272402652534401
698 -0.6152099048195735 -0.8896309000116218 0 2 2 -0.8896309000116218 -0.6152099048195735
699 -0.6187901165292969 -0.8716283074546287 0 2 2 -0.8716283074546287 -0.6187901165292969
700 -0.6098600255558815 -0.9261083248524727 0 2 2 -0.9261083248524727 -0.6098600255558815
701 -0.6123955825710341 -0.9078387120291838 0 2 2 -0.9078387120291838 -0.6123955825710341
702 -0.6066337244262787 -0.9629601939110917 0 2 2 -0.9629601939110917 -0.6066337244262787
703 -0.6081053296181116 -0.9445156245638853 0 2 2 -0.9445156245638853 -0.6081053296181116
704 -0.6059520091109709 -0.9814738695537131 0 2 2 -0.9814738695537131 -0.6059520091109709
$EndParametricNodes
$Elements
781
1 15 2 0 1 1
2 15 2 0 2 2
3 15 2 0 3 3
4 15 2 0 4 4
5 15 2 0 5 5
6 15 2 0 6 6
7 15 2 0 7 7
8 1 2 0 1 5 8
9 1 2 0 1 8 9
10 1 2 0 1 9 10
11 1 2 0 1 10 11
12 1 2 0 1 11 12
13 1 2 0 1 12 13
14 1 2 0 1 13 14
15 1 2 0 1 14 15
16 1 2 0 1 15 16
17 1 2 0 1 16 17
18 1 2 0 1 17 18
19 1 2 0 1 18 19
20 1 2 0 1 19 20
21 1 2 0 1 20 21
22 1 2 0 1 21 22
23 1 2 0 1 22 23
24 1 2 0 1 23 24
25 1 2 0 1 24 7
26 1 2 0 2 7 25
27 1 2 0 2 25 26
28 1 2 0 2 26 27
29 1 2 0 2 27 28
30 1 2 0 2 28 29
31 1 2 0 2 29 30
32 1 2 0 2 30 31
33 1 2 0 2 31 32
34 1 2 0 2 32 33
35 1 2 0 2 33 34
36 1 2 0 2 34 35
37 1 2 0 2 35 36
38 1 2 0 2 36 37
39 1 2 0 2 37 38
40 1 2 0 2 38 39
41 1 2 0 2 39 40
42 1 2 0 2 40 41
43 1 2 0 2 41 6
44 1 2 0 3 6 42
45 1 2 0 3 42 43
46 1 2 0 3 43 44
47 1 2 0 3 44 45
48 1 2 0 3 45 46
49 1 2 0 3 46 47
50 1 2 0 3 47 48
51 1 2 0 3 48 49
52 1 2 0 3 49 50
53 1 2 0 3 50 51
54 1 2 0 3 51 52
55 1 2 0 3 52 53
56 1 2 0 3 53 54
57 1 2 0 3 54 55
58 1 2 0 3 55 56
59 1 2 0 3 56 57
60 1 2 0 3 57 58
61 1 2 0 3 58 3
62 1 2 0 4 3 59
63 1 2 0 4 59 60
64 1 2 0 4 60 61
65 1 2 0 4 61 62
66 1 2 0 4 62 63
67 1 2 0 4 63 64
68 1 2 0 4 64 65
69 1 2 0 4 65 66
70 1 2 0 4 66 67
71 1 2 0 4 67 68
72 1 2 0 4 68 69
73 1 2 0 4 69 70
74 1 2 0 4 70 71
75 1 2 0 4 71 72
76 1 2 0 4 72 73
77 1 2 0 4 73 74
78 1 2 0 4 74 75
79 1 2 0 4 75 2
80 1 2 0 5 2 76
81 1 2 0 5 76 77
82 1 2 0 5 77 78
83 1 2 0 5 78 79
84 1 2 0 5 79 80
85 1 2 0 5 80 81
86 1 2 0 5 81 82
87 1 2 0 5 82 83
88 1 2 0 5 83 84
89 1 2 0 5 84 85
90 1 2 0 5 85 86
91 1 2 0 5 86 87
92 1 2 0 5 87 88
93 1 2 0 5 88 89
94 1 2 0 5 89 90
95 1 2 0 5 90 91
96 1 2 0 5 91 92
97 1 2 0 5 92 1
98 1 2 0 6 1 93
99 1 2 0 6 93 94
100 1 2 0 6 94 95
101 1 2 0 6 95 96
102 1 2 0 6 96 97
103 1 2 0 6 97 98
104 1 2 0 6 98 99
105 1 2 0 6 99 100
106 1 2 0 6 100 101
107 1 2 0 6 101 102
108 1 2 0 6 102 103
109 1 2 0 6 103 104
110 1 2 0 6 104 105
111 1 2 0 6 105 106
112 1 2 0 6 106 107
113 1 2 0 6 107 108
114 1 2 0 6 108 109
115 1 2 0 6 109 5
116 1 2 0 7 2 110
117 1 2 0 7 110 111
118 1 2 0 7 111 112
119 1 2 0 7 112 113
120 1 2 0 7 113 114
121 1 2 0 7 114 115
122 1 2 0 7 115 116
123 1 2 0 7 116 117
124 1 2 0 7 117 118
125 1 2 0 7 118 119
126 1 2 0 7 119 120
127 1 2 0 7 120 121
128 1 2 0 7 121 122
129 1 2 0 7 122 123
130 1 2 0 7 123 124
131 1 2 0 7 124 125
132 1 2 0 7 125 126
133 1 2 0 7 126 7
134 3 2 0 1 3 59 193 58
135 3 2 0 1 59 60 191 193
136 3 2 0 1 193 191 127 192
137 3 2 0 1 58 193 192 57
138 3 2 0 1 57 192 196 56
139 3 2 0 1 192 127 194 196
140 3 2 0 1 196 194 128 195
141 3 2 0 1 56 196 195 55
142 3 2 0 1 55 195 199 54
143 3 2 0 1 195 128 197 199
144 3 2 0 1 199 197 129 198
145 3 2 0 1 54 199 198 53
146 3 2 0 1 53 198 202 52
147 3 2 0 1 198 129 200 202
148 3 2 0 1 202 200 130 201
149 3 2 0 1 52 202 201 51
150 3 2 0 1 51 201 205 50
151 3 2 0 1 201 130 203 205
152 3 2 0 1 205 203 131 204
153 3 2 0 1 50 205 204 49
154 3 2 0 1 49 204 208 48
155 3 2 0 1 204 131 206 208
156 3 2 0 1 208 206 132 207
157 3 2 0 1 48 208 207 47
158 3 2 0 1 47 207 211 46
159 3 2 0 1 207 132 209 211
160 3 2 0 1 211 209 133 210
161 3 2 0 1 46 211 210 45
162 3 2 0 1 45 210 214 44
163 3 2 0 1 210 133 212 214
164 3 2 0 1 214 212 134 213
165 3 2 0 1 44 214 213 43
166 3 2 0 1 43 213 216 42
167 3 2 0 1 213 134 215 216
168 3 2 0 1 216 215 40 41
169 3 2 0 1 42 216 41 6
170 3 2 0 1 60 61 219 191
171 3 2 0 1 61 62 217 219
172 3 2 0 1 219 217 135 218
173 3 2 0 1 191 219 218 127
174 3 2 0 1 127 218 222 194
175 3 2 0 1 218 135 220 222
176 3 2 0 1 222 220 136 221
177 3 2 0 1 194 222 221 128
178 3 2 0 1 128 221 225 197
179 3 2 0 1 221 136 223 225
180 3 2 0 1 225 223 137 224
181 3 2 0 1 197 225 224 129
182 3 2 0 1 129 224 228 200
183 3 2 0 1 224 137 226 228
184 3 2 0 1 228 226 138 227
185 3 2 0 1 200 228 227 130
186 3 2 0 1 130 227 231 203
187 3 2 0 1 227 138 229 231
188 3 2 0 1 231 229 139 230
189 3 2 0 1 203 231 230 131
190 3 2 0 1 131 230 234 206
191 3 2 0 1 230 139 232 234
192 3 2 0 1 234 232 140 233
193 3 2 0 1 206 234 233 132
194 3 2 0 1 132 233 237 209
195 3 2 0 1 233 140 235 237
196 3 2 0 1 237 235 141 236
197 3 2 0 1 209 237 236 133
198 3 2 0 1 133 236 240 212
199 3 2 0 1 236 141 238 240
200 3 2 0 1 240 238 142 239
201 3 2 0 1 212 240 239 134
202 3 2 0 1 134 239 242 215
203 3 2 0 1 239 142 241 242
204 3 2 0 1 242 241 38 39
205 3 2 0 1 215 242 39 40
206 3 2 0 1 62 63 245 217
207 3 2 0 1 63 64 243 245
208 3 2 0 1 245 243 143 244
209 3 2 0 1 217 245 244 135
210 3 2 0 1 135 244 248 220
211 3 2 0 1 244 143 246 248
212 3 2 0 1 248 246 144 247
213 3 2 0 1 220 248 247 136
214 3 2 0 1 136 247 251 223
215 3 2 0 1 247 144 249 251
216 3 2 0 1 251 249 145 250
217 3 2 0 1 223 251 250 137
218 3 2 0 1 137 250 254 226
219 3 2 0 1 250 145 252 254
220 3 2 0 1 254 252 146 253
221 3 2 0 1 226 254 253 138
222 3 2 0 1 138 253 257 229
223 3 2 0 1 253 146 255 257
224 3 2 0 1 257 255 147 256
225 3 2 0 1 229 257 256 139
226 3 2 0 1 139 256 260 232
227 3 2 0 1 256 147 258 260
228 3 2 0 1 260 258 148 259
229 3 2 0 1 232 260 259 140
230 3 2 0 1 140 259 263 235
231 3 2 0 1 259 148 261 263
232 3 2 0 1 263 261 149 262
233 3 2 0 1 235 263 262 141
234 3 2 0 1 141 262 266 238
235 3 2 0 1 262 149 264 266
236 3 2 0 1 266 264 150 265
237 3 2 0 1 238 266 265 142
238 3 2 0 1 142 265 268 241
239 3 2 0 1 265 150 267 268
240 3 2 0 1 268 267 36 37
241 3 2 0 1 241 268 37 38
242 3 2 0 1 64 65 271 243
243 3 2 0 1 65 66 269 271
244 3 2 0 1 271 269 151 270
245 3 2 0 1 243 271 270 143
246 3 2 0 1 143 270 274 246
247 3 2 0 1 270 151 272 274
248 3 2 0 1 274 272 152 273
249 3 2 0 1 246 274 273 144
250 3 2 0 1 144 273 277 249
251 3 2 0 1 273 152 275 277
252 3 2 0 1 277 275 153 276
253 3 2 0 1 249 277 276 145
254 3 2 0 1 145 276 280 252
255 3 2 0 1 276 153 278 280
256 3 2 0 1 280 278 154 279
257 3 2 0 1 252 280 279 146
258 3 2 0 1 146 279 283 255
259 3 2 0 1 279 154 281 283
260 3 2 0 1 283 281 155 282
261 3 2 0 1 255 283 282 147
262 3 2 0 1 147 282 286 258
263 3 2 0 1 282 155 284 286
264 3 2 0 1 286 284 156 285
265 3 2 0 1 258 286 285 148
266 3 2 0 1 148 285 289 261
267 3 2 0 1 285 156 287 289
268 3 2 0 1 289 287 157 288
269 3 2 0 1 261 289 288 149
270 3 2 0 1 149 288 292 264
271 3 2 0 1 288 157 290 292
272 3 2 0 1 292 290 158 291
273 3 2 0 1 264 292 291 150
274 3 2 0 1 150 291 294 267
275 3 2 0 1 291 158 293 294
276 3 2 0 1 294 293 34 35
277 3 2 0 1 267 294 35 36
278 3 2 0 1 66 67 297 269
279 3 2 0 1 67 68 295 297
280 3 2 0 1 297 295 159 296
281 3 2 0 1 269 297 296 151
282 3 2 0 1 151 296 300 272
283 3 2 0 1 296 159 298 300
284 3 2 0 1 300 298 160 299
285 3 2 0 1 272 300 299 152
286 3 2 0 1 152 299 303 275
287 3 2 0 1 299 160 301 303
288 3 2 0 1 303 301 161 302
289 3 2 0 1 275 303 302 153
290 3 2 0 1 153 302 306 278
291 3 2 0 1 302 161 304 306
292 3 2 0 1 306 304 162 305
293 3 2 0 1 278 306 305 154
294 3 2 0 1 154 305 309 281
295 3 2 0 1 305 162 307 309
296 3 2 0 1 309 307 163 308
297 3 2 0 1 281 309 308 155
298 3 2 0 1 155 308 312 284
299 3 2 0 1 308 163 310 312
300 3 2 0 1 312 310 164 311
301 3 2 0 1 284 312 311 156
302 3 2 0 1 156 311 315 287
303 3 2 0 1 311 164 313 315
304 3 2 0 1 315 313 165 314
305 3 2 0 1 287 315 314 157
306 3 2 0 1 157 314 318 290
307 3 2 0 1 314 165 316 318
308 3 2 0 1 318 316 166 317
309 3 2 0 1 290 318 317 158
310 3 2 0 1 158 317 320 293
311 3 2 0 1 317 166 319 320
312 3 2 0 1 320 319 32 33
313 3 2 0 1 293 320 33 34
314 3 2 0 1 68 69 323 295
315 3 2 0 1 69 70 321 323
316 3 2 0 1 323 321 167 322
317 3 2 0 1 295 323 322 159
318 3 2 0 1 159 322 326 298
319 3 2 0 1 322 167 324 326
320 3 2 0 1 326 324 168 325
321 3 2 0 1 298 326 325 160
322 3 2 0 1 160 325 329 301
323 3 2 0 1 325 168 327 329
324 3 2 0 1 329 327 169 328
325 3 2 0 1 301 329 328 161
326 3 2 0 1 161 328 332 304
327 3 2 0 1 328 169 330 332
328 3 2 0 1 332 330 170 331
329 3 2 0 1 304 332 331 162
330 3 2 0 1 162 331 335 307
331 3 2 0 1 331 170 333 335
332 3 2 0 1 335 333 171 334
333 3 2 0 1 307 335 334 163
334 3 2 0 1 163 334 338 310
335 3 2 0 1 334 171 336 338
336 3 2 0 1 338 336 172 337
337 3 2 0 1 310 338 337 164
338 3 2 0 1 164 337 341 313
339 3 2 0 1 337 172 339 341
340 3 2 0 1 341 339 173 340
341 3 2 0 1 313 341 340 165
342 3 2 0 1 165 340 344 316
343 3 2 0 1 340 173 342 344
344 3 2 0 1 344 342 174 343
345 3 2 0 1 316 344 343 166
346 3 2 0 1 166 343 346 319
347 3 2 0 1 343 174 345 346
348 3 2 0 1 346 345 30 31
349 3 2 0 1 319 346 31 32
350 3 2 0 1 70 71 349 321
351 3 2 0 1 71 72 347 349
352 3 2 0 1 349 347 175 348
353 3 2 0 1 321 349 348 167
354 3 2 0 1 167 348 352 324
355 3 2 0 1 348 175 350 352
356 3 2 0 1 352 350 176 351
357 3 2 0 1 324 352 351 168
358 3 2 0 1 168 351 355 327
359 3 2 0 1 351 176 353 355
360 3 2 0 1 355 353 177 354
361 3 2 0 1 327 355 354 169
362 3 2 0 1 169 354 358 330
363 3 2 0 1 354 177 356 358
364 3 2 0 1 358 356 178 357
365 3 2 0 1 330 358 357 170
366 3 2 0 1 170 357 361 333
367 3 2 0 1 357 178 359 361
368 3 2 0 1 361 359 179 360
369 3 2 0 1 333 361 360 171
370 3 2 0 1 171 360 364 336
371 3 2 0 1 360 179 362 364
372 3 2 0 1 364 362 180 363
373 3 2 0 1 336 364 363 172
374 3 2 0 1 172 363 367 339
375 3 2 0 1 363 180 365 367
376 3 2 0 1 367 365 181 366
377 3 2 0 1 339 367 366 173
378 3 2 0 1 173 366 370 342
379 3 2 0 1 366 181 368 370
380 3 2 0 1 370 368 182 369
381 3 2 0 1 342 370 369 174
382 3 2 0 1 174 369 372 345
383 3 2 0 1 369 182 371 372
384 3 2 0 1 372 371 28 29
385 3 2 0 1 345 372 29 30
386 3 2 0 1 72 73 375 347
387 3 2 0 1 73 74 373 375
388 3 2 0 1 375 373 183 374
389 3 2 0 1 347 375 374 175
390 3 2 0 1 175 374 378 350
391 3 2 0 1 374 183 376 378
392 3 2 0 1 378 376 184 377
393 3 2 0 1 350 378 377 176
394 3 2 0 1 176 377 381 353
395 3 2 0 1 377 184 379 381
396 3 2 0 1 381 379 185 380
397 3 2 0 1 353 381 380 177
398 3 2 0 1 177 380 384 356
399 3 2 0 1 380 185 382 384
400 3 2 0 1 384 382 186 383
401 3 2 0 1 356 384 383 178
402 3 2 0 1 178 383 387 359
403 3 2 0 1 383 186 385 387
404 3 2 0 1 387 385 187 386
405 3 2 0 1 359 387 386 179
406 3 2 0 1 179 386 390 362
407 3 2 0 1 386 187 388 390
408 3 2 0 1 390 388 188 389
409 3 2 0 1 362 390 389 180
410 3 2 0 1 180 389 393 365
411 3 2 0 1 389 188 391 393
412 3 2 0 1 393 391 189 392
413 3 2 0 1 365 393 392 181
414 3 2 0 1 181 392 396 368
415 3 2 0 1 392 189 394 396
416 3 2 0 1 396 394 190 395
417 3 2 0 1 368 396 395 182
418 3 2 0 1 182 395 398 371
419 3 2 0 1 395 190 397 398
420 3 2 0 1 398 397 26 27
421 3 2 0 1 371 398 27 28
422 3 2 0 1 74 75 400 373
423 3 2 0 1 75 2 110 400
424 3 2 0 1 400 110 111 399
425 3 2 0 1 373 400 399 183
426 3 2 0 1 183 399 402 376
427 3 2 0 1 399 111 112 402
428 3 2 0 1 402 112 113 401
429 3 2 0 1 376 402 401 184
430 3 2 0 1 184 401 404 379
431 3 2 0 1 401 113 114 404
432 3 2 0 1 404 114 115 403
433 3 2 0 1 379 404 403 185
434 3 2 0 1 185 403 406 382
435 3 2 0 1 403 115 116 406
436 3 2 0 1 406 116 117 405
437 3 2 0 1 382 406 405 186
438 3 2 0 1 186 405 408 385
439 3 2 0 1 405 117 118 408
440 3 2 0 1 408 118 119 407
441 3 2 0 1 385 408 407 187
442 3 2 0 1 187 407 410 388
443 3 2 0 1 407 119 120 410
444 3 2 0 1 410 120 121 409
445 3 2 0 1 388 410 409 188
446 3 2 0 1 188 409 412 391
447 3 2 0 1 409 121 122 412
448 3 2 0 1 412 122 123 411
449 3 2 0 1 391 412 411 189
450 3 2 0 1 189 411 414 394
451 3 2 0 1 411 123 124 414
452 3 2 0 1 414 124 125 413
453 3 2 0 1 394 414 413 190
454 3 2 0 1 190 413 415 397
455 3 2 0 1 413 125 126 415
456 3 2 0 1 415 126 7 25
457 3 2 0 1 397 415 25 26
458 3 2 0 2 2 110 482 76
459 3 2 0 2 110 111 480 482
460 3 2 0 2 482 480 416 481
461 3 2 0 2 76 482 481 77
462 3 2 0 2 77 481 485 78
463 3 2 0 2 481 416 483 485
464 3 2 0 2 485 483 417 484
465 3 2 0 2 78 485 484 79
466 3 2 0 2 79 484 488 80
467 3 2 0 2 484 417 486 488
468 3 2 0 2 488 486 418 487
469 3 2 0 2 80 488 487 81
470 3 2 0 2 81 487 491 82
471 3 2 0 2 487 418 489 491
472 3 2 0 2 491 489 419 490
473 3 2 0 2 82 491 490 83
474 3 2 0 2 83 490 494 84
475 3 2 0 2 490 419 492 494
476 3 2 0 2 494 492 420 493
477 3 2 0 2 84 494 493 85
478 3 2 0 2 85 493 497 86
479 3 2 0 2 493 420 495 497
480 3 2 0 2 497 495 421 496
481 3 2 0 2 86 497 496 87
482 3 2 0 2 87 496 500 88
483 3 2 0 2 496 421 498 500
484 3 2 0 2 500 498 422 499
485 3 2 0 2 88 500 499 89
486 3 2 0 2 89 499 503 90
487 3 2 0 2 499 422 501 503
488 3 2 0 2 503 501 423 502
489 3 2 0 2 90 503 502 91
490 3 2 0 2 91 502 505 92
491 3 2 0 2 502 423 504 505
492 3 2 0 2 505 504 94 93
493 3 2 0 2 92 505 93 1
494 3 2 0 2 111 112 508 480
495 3 2 0 2 112 113 506 508
496 3 2 0 2 508 506 424 507
497 3 2 0 2 480 508 507 416
498 3 2 0 2 416 507 511 483
499 3 2 0 2 507 424 509 511
500 3 2 0 2 511 509 425 510
501 3 2 0 2 483 511 510 417
502 3 2 0 2 417 510 514 486
503 3 2 0 2 510 425 512 514
504 3 2 0 2 514 512 426 513
505 3 2 0 2 486 514 513 418
506 3 2 0 2 418 513 517 489
507 3 2 0 2 513 426 515 517
508 3 2 0 2 517 515 427 516
509 3 2 0 2 489 517 516 419
510 3 2 0 2 419 516 520 492
511 3 2 0 2 516 427 518 520
512 3 2 0 2 520 518 428 519
513 3 2 0 2 492 520 519 420
514 3 2 0 2 420 519 523 495
515 3 2 0 2 519 428 521 523
516 3 2 0 2 523 521 429 522
517 3 2 0 2 495 523 522 421
518 3 2 0 2 421 522 526 498
519 3 2 0 2 522 429 524 526
520 3 2 0 2 526 524 430 525
521 3 2 0 2 498 526 525 422
522 3 2 0 2 422 525 529 501
523 3 2 0 2 525 430 527 529
524 3 2 0 2 529 527 431 528
525 3 2 0 2 501 529 528 423
526 3 2 0 2 423 528 531 504
527 3 2 0 2 528 431 530 531
528 3 2 0 2 531 530 96 95
529 3 2 0 2 504 531 95 94
530 3 2 0 2 113 114 534 506
531 3 2 0 2 114 115 532 534
532 3 2 0 2 534 532 432 533
533 3 2 0 2 506 534 533 424
534 3 2 0 2 424 533 537 509
535 3 2 0 2 533 432 535 537
536 3 2 0 2 537 535 433 536
537 3 2 0 2 509 537 536 425
538 3 2 0 2 425 536 540 512
539 3 2 0 2 536 433 538 540
540 3 2 0 2 540 538 434 539
541 3 2 0 2 512 540 539 426
542 3 2 0 2 426 539 543 515
543 3 2 0 2 539 434 541 543
544 3 2 0 2 543 541 435 542
545 3 2 0 2 515 543 542 427
546 3 2 0 2 427 542 546 518
547 3 2 0 2 542 435 544 546
548 3 2 0 2 546 544 436 545
549 3 2 0 2 518 546 545 428
550 3 2 0 2 428 545 549 521
551 3 2 0 2 545 436 547 549
552 3 2 0 2 549 547 437 548
553 3 2 0 2 521 549 548 429
554 3 2 0 2 429 548 552 524
555 3 2 0 2 548 437 550 552
556 3 2 0 2 552 550 438 551
557 3 2 0 2 524 552 551 430
558 3 2 0 2 430 551 555 527
559 3 2 0 2 551 438 553 555
560 3 2 0 2 555 553 439 554
561 3 2 0 2 527 555 554 431
562 3 2 0 2 431 554 557 530
563 3 2 0 2 554 439 556 557
564 3 2 0 2 557 556 98 97
565 3 2 0 2 530 557 97 96
566 3 2 0 2 115 116 560 532
567 3 2 0 2 116 117 558 560
568 3 2 0 2 560 558 440 559
569 3 2 0 2 532 560 559 432
570 3 2 0 2 432 559 563 535
571 3 2 0 2 559 440 561 563
572 3 2 0 2 563 561 441 562
573 3 2 0 2 535 563 562 433
574 3 2 0 2 433 562 566 538
575 3 2 0 2 562 441 564 566
576 3 2 0 2 566 564 442 565
577 3 2 0 2 538 566 565 434
578 3 2 0 2 434 565 569 541
579 3 2 0 2 565 442 567 569
580 3 2 0 2 569 567 443 568
581 3 2 0 2 541 569 568 435
582 3 2 0 2 435 568 572 544
583 3 2 0 2 568 443 570 572
584 3 2 0 2 572 570 444 571
585 3 2 0 2 544 572 571 436
586 3 2 0 2 436 571 575 547
587 3 2 0 2 571 444 573 575
588 3 2 0 2 575 573 445 574
589 3 2 0 2 547 575 574 437
590 3 2 0 2 437 574 578 550
591 3 2 0 2 574 445 576 578
592 3 2 0 2 578 576 446 577
593 3 2 0 2 550 578 577 438
594 3 2 0 2 438 577 581 553
595 3 2 0 2 577 446 579 581
596 3 2 0 2 581 579 447 580
597 3 2 0 2 553 581 580 439
598 3 2 0 2 439 580 583 556
599 3 2 0 2 580 447 582 583
600 3 2 0 2 583 582 100 99
601 3 2 0 2 556 583 99 98
602 3 2 0 2 117 118 586 558
603 3 2 0 2 118 119 584 586
604 3 2 0 2 586 584 448 585
605 3 2 0 2 558 586 585 440
606 3 2 0 2 440 585 589 561
607 3 2 0 2 585 448 587 589
608 3 2 0 2 589 587 449 588
609 3 2 0 2 561 589 588 441
610 3 2 0 2 441 588 592 564
611 3 2 0 2 588 449 590 592
612 3 2 0 2 592 590 450 591
613 3 2 0 2 564 592 591 442
614 3 2 0 2 442 591 595 567
615 3 2 0 2 591 450 593 595
616 3 2 0 2 595 593 451 594
617 3 2 0 2 567 595 594 443
618 3 2 0 2 443 594 598 570
619 3 2 0 2 594 451 596 598
620 3 2 0 2 598 596 452 597
621 3 2 0 2 570 598 597 444
622 3 2 0 2 444 597 601 573
623 3 2 0 2 597 452 599 601
624 3 2 0 2 601 599 453 600
625 3 2 0 2 573 601 600 445
626 3 2 0 2 445 600 604 576
627 3 2 0 2 600 453 602 604
628 3 2 0 2 604 602 454 603
629 3 2 0 2 576 604 603 446
630 3 2 0 2 446 603 607 579
631 3 2 0 2 603 454 605 607
632 3 2 0 2 607 605 455 606
633 3 2 0 2 579 607 606 447
634 3 2 0 2 447 606 609 582
635 3 2 0 2 606 455 608 609
636 3 2 0 2 609 608 102 101
637 3 2 0 2 582 609 101 100
638 3 2 0 2 119 120 612 584
639 3 2 0 2 120 121 610 612
640 3 2 0 2 612 610 456 611
641 3 2 0 2 584 612 611 448
642 3 2 0 2 448 611 615 587
643 3 2 0 2 611 456 613 615
644 3 2 0 2 615 613 457 614
645 3 2 0 2 587 615 614 449
646 3 2 0 2 449 614 618 590
647 3 2 0 2 614 457 616 618
648 3 2 0 2 618 616 458 617
649 3 2 0 2 590 618 617 450
650 3 2 0 2 450 617 621 593
651 3 2 0 2 617 458 619 621
652 3 2 0 2 621 619 459 620
653 3 2 0 2 593 621 620 451
654 3 2 0 2 451 620 624 596
655 3 2 0 2 620 459 622 624
656 3 2 0 2 624 622 460 623
657 3 2 0 2 596 624 623 452
658 3 2 0 2 452 623 627 599
659 3 2 0 2 623 460 625 627
660 3 2 0 2 627 625 461 626
661 3 2 0 2 599 627 626 453
662 3 2 0 2 453 626 630 602
663 3 2 0 2 626 461 628 630
664 3 2 0 2 630 628 462 629
665 3 2 0 2 602 630 629 454
666 3 2 0 2 454 629 633 605
667 3 2 0 2 629 462 631 633
668 3 2 0 2 633 631 463 632
669 3 2 0 2 605 633 632 455
670 3 2 0 2 455 632 635 608
671 3 2 0 2 632 463 634 635
672 3 2 0 2 635 634 104 103
673 3 2 0 2 608 635 103 102
674 3 2 0 2 121 122 638 610
675 3 2 0 2 122 123 636 638
676 3 2 0 2 638 636 464 637
677 3 2 0 2 610 638 637 456
678 3 2 0 2 456 637 641 613
679 3 2 0 2 637 464 639 641
680 3 2 0 2 641 639 465 640
681 3 2 0 2 613 641 640 457
682 3 2 0 2 457 640 644 616
683 3 2 0 2 640 465 642 644
684 3 2 0 2 644 642 466 643
685 3 2 0 2 616 644 643 458
686 3 2 0 2 458 643 647 619
687 3 2 0 2 643 466 645 647
688 3 2 0 2 647 645 467 646
689 3 2 0 2 619 647 646 459
690 3 2 0 2 459 646 650 622
691 3 2 0 2 646 467 648 650
692 3 2 0 2 650 648 468 649
693 3 2 0 2 622 650 649 460
694 3 2 0 2 460 649 653 625
695 3 2 0 2 649 468 651 653
696 3 2 0 2 653 651 469 652
697 3 2 0 2 625 653 652 461
698 3 2 0 2 461 652 656 628
699 3 2 0 2 652 469 654 656
700 3 2 0 2 656 654 470 655
701 3 2 0 2 628 656 655 462
702 3 2 0 2 462 655 659 631
703 3 2 0 2 655 470 657 659
704 3 2 0 2 659 657 471 658
705 3 2 0 2 631 659 658 463
706 3 2 0 2 463 658 661 634
707 3 2 0 2 658 471 660 661
708 3 2 0 2 661 660 106 105
709 3 2 0 2 634 661 105 104
710 3 2 0 2 123 124 664 636
711 3 2 0 2 124 125 662 664
712 3 2 0 2 664 662 472 663
713 3 2 0 2 636 664 663 464
714 3 2 0 2 464 663 667 639
715 3 2 0 2 663 472 665 667
716 3 2 0 2 667 665 473 666
717 3 2 0 2 639 667 666 465
718 3 2 0 2 465 666 670 642
719 3 2 0 2 666 473 668 670
720 3 2 0 2 670 668 474 669
721 3 2 0 2 642 670 669 466
722 3 2 0 2 466 669 673 645
723 3 2 0 2 669 474 671 673
724 3 2 0 2 673 671 475 672
725 3 2 0 2 645 673 672 467
726 3 2 0 2 467 672 676 648
727 3 2 0 2 672 475 674 676
728 3 2 0 2 676 674 476 675
729 3 2 0 2 648 676 675 468
730 3 2 0 2 468 675 679 651
731 3 2 0 2 675 476 677 679
732 3 2 0 2 679 677 477 678
733 3 2 0 2 651 679 678 469
734 3 2 0 2 469 678 682 654
735 3 2 0 2 678 477 680 682
736 3 2 0 2 682 680 478 681
737 3 2 0 2 654 682 681 470
738 3 2 0 2 470 681 685 657
739 3 2 0 2 681 478 683 685
740 3 2 0 2 685 683 479 684
741 3 2 0 2 657 685 684 471
742 3 2 0 2 471 684 687 660
743 3 2 0 2 684 479 686 687
744 3 2 0 2 687 686 108 107
745 3 2 0 2 660 687 107 106
746 3 2 0 2 125 126 689 662
747 3 2 0 2 126 7 24 689
748 3 2 0 2 689 24 23 688
749 3 2 0 2 662 689 688 472
750 3 2 0 2 472 688 691 665
751 3 2 0 2 688 23 22 691
752 3 2 0 2 691 22 21 690
753 3 2 0 2 665 691 690 473
754 3 2 0 2 473 690 693 668
755 3 2 0 2 690 21 20 693
756 3 2 0 2 693 20 19 692
757 3 2 0 2 668 693 692 474
758 3 2 0 2 474 692 695 671
759 3 2 0 2 692 19 18 695
760 3 2 0 2 695 18 17 694
761 3 2 0 2 671 695 694 475
762 3 2 0 2 475 694 697 674
763 3 2 0 2 694 17 16 697
764 3 2 0 2 697 16 15 696
765 3 2 0 2 674 697 696 476
766 3 2 0 2 476 696 699 677
767 3 2 0 2 696 15 14 699
768 3 2 0 2 699 14 13 698
769 3 2 0 2 677 699 698 477
770 3 2 0 2 477 698 701 680
771 3 2 0 2 698 13 12 701
772 3 2 0 2 701 12 11 700
773 3 2 0 2 680 701 700 478
774 3 2 0 2 478 700 703 683
775 3 2 0 2 700 11 10 703
776 3 2 0 2 703 10 9 702
777 3 2 0 2 683 703 702 479
778 3 2 0 2 479 702 704 686
779 3 2 0 2 702 9 8 704
780 3 2 0 2 704 8 5 109
781 3 2 0 2 686 704 109 108
$EndElements
